score,nose_score,leftEye_score,rightEye_score,leftEar_score,rightEar_score,leftShoulder_score,rightShoulder_score,leftElbow_score,rightElbow_score,leftWrist_score,rightWrist_score,leftHip_score,rightHip_score,leftKnee_score,rightKnee_score,leftAnkle_score,rightAnkle_score,nose_y,nose_x,leftEye_y,leftEye_x,rightEye_y,rightEye_x,leftEar_y,leftEar_x,rightEar_y,rightEar_x,leftShoulder_y,leftShoulder_x,rightShoulder_y,rightShoulder_x,leftElbow_y,leftElbow_x,rightElbow_y,rightElbow_x,leftWrist_y,leftWrist_x,rightWrist_y,rightWrist_x,leftHip_y,leftHip_x,rightHip_y,rightHip_x,leftKnee_y,leftKnee_x,rightKnee_y,rightKnee_x,leftAnkle_y,leftAnkle_x,rightAnkle_y,rightAnkle_x
0.0,0.0,0.0,0.0,0.0,0.0,0.0,0.0,0.0,0.0,0.0,0.0,0.0,0.0,0.0,0.0,0.0,0.0,0.0,0.0,0.0,0.0,0.0,0.0,0.0,0.0,0.0,0.0,0.0,0.0,0.0,0.0,0.0,0.0,0.0,0.0,0.0,0.0,0.0,0.0,0.0,0.0,0.0,0.0,0.0,0.0,0.0,0.0,0.0,0.0,0.0,0.0
0.0,0.0,0.0,0.0,0.0,0.0,0.0,0.0,0.0,0.0,0.0,0.0,0.0,0.0,0.0,0.0,0.0,0.0,0.0,0.0,0.0,0.0,0.0,0.0,0.0,0.0,0.0,0.0,0.0,0.0,0.0,0.0,0.0,0.0,0.0,0.0,0.0,0.0,0.0,0.0,0.0,0.0,0.0,0.0,0.0,0.0,0.0,0.0,0.0,0.0,0.0,0.0
0.2693910335793215,0.9918590784072876,0.8557665348052979,0.9696757793426514,0.018287211656570435,0.971645712852478,0.2146405279636383,0.006782799959182739,0.017777323722839355,0.03174471855163574,0.19988754391670227,0.2616283893585205,0.018377244472503662,0.011531263589859009,0.0019254684448242188,0.004541069269180298,0.0031651556491851807,0.00041174888610839844,236.08539377899476,339.4518188787418,220.35087474155233,338.6193925226238,222.84817048001815,325.040645282753,218.58220033242668,337.0304121457835,216.16896968972034,282.97373082796094,244.1023024514887,289.38845270716206,263.9633510674029,243.98838538279233,252.76136494258517,349.97291776016203,292.36638737876166,119.18044713901081,223.2423138090782,421.5345747274172,304.88284972591896,76.8148069170639,324.0615865834042,222.26423564811105,339.6098515397346,131.65894264666366,338.5394086660274,211.1033015327914,403.1000417362996,118.2804337929432,387.0204583380064,210.71132243998812,468.8268151561499,113.01774778956138
0.0,0.0,0.0,0.0,0.0,0.0,0.0,0.0,0.0,0.0,0.0,0.0,0.0,0.0,0.0,0.0,0.0,0.0,0.0,0.0,0.0,0.0,0.0,0.0,0.0,0.0,0.0,0.0,0.0,0.0,0.0,0.0,0.0,0.0,0.0,0.0,0.0,0.0,0.0,0.0,0.0,0.0,0.0,0.0,0.0,0.0,0.0,0.0,0.0,0.0,0.0,0.0
0.0,0.0,0.0,0.0,0.0,0.0,0.0,0.0,0.0,0.0,0.0,0.0,0.0,0.0,0.0,0.0,0.0,0.0,0.0,0.0,0.0,0.0,0.0,0.0,0.0,0.0,0.0,0.0,0.0,0.0,0.0,0.0,0.0,0.0,0.0,0.0,0.0,0.0,0.0,0.0,0.0,0.0,0.0,0.0,0.0,0.0,0.0,0.0,0.0,0.0,0.0,0.0
0.25037864376516905,0.8805041909217834,0.8328922986984253,0.04771721363067627,0.9776722192764282,0.005269110202789307,0.269283264875412,0.20109766721725464,0.33702772855758667,0.05867317318916321,0.45403608679771423,0.12356331944465637,0.020565122365951538,0.025947153568267822,0.00872427225112915,0.000544816255569458,0.008317887783050537,0.004601418972015381,285.7853898459618,275.51824418317926,270.0008852897434,274.39095891332164,275.57600415781,271.5389201340166,256.61859799563337,294.8663180453106,264.69098930708856,282.63025106041175,285.4792155694524,341.0467558370053,284.48371899106087,353.4229883545811,391.8394751662508,299.3797380391834,369.14855987128857,322.87582781013936,395.0537924845284,227.60297512313696,389.9450290557441,239.13280227809275,396.36521630943366,456.3668433624564,400.82515261238865,447.8324387929972,403.0091443193068,384.8059578127074,415.15614743713934,398.45557403564453,412.63049891060643,383.6411448358332,414.0012555323609,385.02972160265284
0.0,0.0,0.0,0.0,0.0,0.0,0.0,0.0,0.0,0.0,0.0,0.0,0.0,0.0,0.0,0.0,0.0,0.0,0.0,0.0,0.0,0.0,0.0,0.0,0.0,0.0,0.0,0.0,0.0,0.0,0.0,0.0,0.0,0.0,0.0,0.0,0.0,0.0,0.0,0.0,0.0,0.0,0.0,0.0,0.0,0.0,0.0,0.0,0.0,0.0,0.0,0.0
0.0,0.0,0.0,0.0,0.0,0.0,0.0,0.0,0.0,0.0,0.0,0.0,0.0,0.0,0.0,0.0,0.0,0.0,0.0,0.0,0.0,0.0,0.0,0.0,0.0,0.0,0.0,0.0,0.0,0.0,0.0,0.0,0.0,0.0,0.0,0.0,0.0,0.0,0.0,0.0,0.0,0.0,0.0,0.0,0.0,0.0,0.0,0.0,0.0,0.0,0.0,0.0
0.0,0.0,0.0,0.0,0.0,0.0,0.0,0.0,0.0,0.0,0.0,0.0,0.0,0.0,0.0,0.0,0.0,0.0,0.0,0.0,0.0,0.0,0.0,0.0,0.0,0.0,0.0,0.0,0.0,0.0,0.0,0.0,0.0,0.0,0.0,0.0,0.0,0.0,0.0,0.0,0.0,0.0,0.0,0.0,0.0,0.0,0.0,0.0,0.0,0.0,0.0,0.0
0.0,0.0,0.0,0.0,0.0,0.0,0.0,0.0,0.0,0.0,0.0,0.0,0.0,0.0,0.0,0.0,0.0,0.0,0.0,0.0,0.0,0.0,0.0,0.0,0.0,0.0,0.0,0.0,0.0,0.0,0.0,0.0,0.0,0.0,0.0,0.0,0.0,0.0,0.0,0.0,0.0,0.0,0.0,0.0,0.0,0.0,0.0,0.0,0.0,0.0,0.0,0.0
0.49869053679354053,0.9989904761314392,0.9933904409408569,0.9984639286994934,0.8548909425735474,0.8232841491699219,0.6212732195854187,0.9713121652603149,0.8577718734741211,0.20948728919029236,0.30550915002822876,0.5568270087242126,0.13456913828849792,0.11174851655960083,0.013484537601470947,0.006116718053817749,0.011806279420852661,0.008813291788101196,222.92878182662997,358.4813972716523,209.79750857283818,372.88839046568216,208.7396264819742,347.9929385668031,215.5383322987388,388.2604267792298,215.61960200510006,330.6503839267937,271.2527059765219,404.3160867889447,266.70164952902684,313.30352989545975,375.7485911157176,430.54138294701437,364.3846032029626,291.96226609398025,320.9233100002868,378.2679380292535,317.81261420299506,337.39273794811743,392.833494317259,403.68354342350847,385.42221410358775,310.9973223893884,418.6346477579922,384.533164134138,416.07971221146613,333.7107148613579,476.2502833661815,381.5649871455813,477.0870002936921,348.68734716873064
0.0,0.0,0.0,0.0,0.0,0.0,0.0,0.0,0.0,0.0,0.0,0.0,0.0,0.0,0.0,0.0,0.0,0.0,0.0,0.0,0.0,0.0,0.0,0.0,0.0,0.0,0.0,0.0,0.0,0.0,0.0,0.0,0.0,0.0,0.0,0.0,0.0,0.0,0.0,0.0,0.0,0.0,0.0,0.0,0.0,0.0,0.0,0.0,0.0,0.0,0.0,0.0
0.0,0.0,0.0,0.0,0.0,0.0,0.0,0.0,0.0,0.0,0.0,0.0,0.0,0.0,0.0,0.0,0.0,0.0,0.0,0.0,0.0,0.0,0.0,0.0,0.0,0.0,0.0,0.0,0.0,0.0,0.0,0.0,0.0,0.0,0.0,0.0,0.0,0.0,0.0,0.0,0.0,0.0,0.0,0.0,0.0,0.0,0.0,0.0,0.0,0.0,0.0,0.0
0.0,0.0,0.0,0.0,0.0,0.0,0.0,0.0,0.0,0.0,0.0,0.0,0.0,0.0,0.0,0.0,0.0,0.0,0.0,0.0,0.0,0.0,0.0,0.0,0.0,0.0,0.0,0.0,0.0,0.0,0.0,0.0,0.0,0.0,0.0,0.0,0.0,0.0,0.0,0.0,0.0,0.0,0.0,0.0,0.0,0.0,0.0,0.0,0.0,0.0,0.0,0.0
0.0,0.0,0.0,0.0,0.0,0.0,0.0,0.0,0.0,0.0,0.0,0.0,0.0,0.0,0.0,0.0,0.0,0.0,0.0,0.0,0.0,0.0,0.0,0.0,0.0,0.0,0.0,0.0,0.0,0.0,0.0,0.0,0.0,0.0,0.0,0.0,0.0,0.0,0.0,0.0,0.0,0.0,0.0,0.0,0.0,0.0,0.0,0.0,0.0,0.0,0.0,0.0
0.0,0.0,0.0,0.0,0.0,0.0,0.0,0.0,0.0,0.0,0.0,0.0,0.0,0.0,0.0,0.0,0.0,0.0,0.0,0.0,0.0,0.0,0.0,0.0,0.0,0.0,0.0,0.0,0.0,0.0,0.0,0.0,0.0,0.0,0.0,0.0,0.0,0.0,0.0,0.0,0.0,0.0,0.0,0.0,0.0,0.0,0.0,0.0,0.0,0.0,0.0,0.0
0.0,0.0,0.0,0.0,0.0,0.0,0.0,0.0,0.0,0.0,0.0,0.0,0.0,0.0,0.0,0.0,0.0,0.0,0.0,0.0,0.0,0.0,0.0,0.0,0.0,0.0,0.0,0.0,0.0,0.0,0.0,0.0,0.0,0.0,0.0,0.0,0.0,0.0,0.0,0.0,0.0,0.0,0.0,0.0,0.0,0.0,0.0,0.0,0.0,0.0,0.0,0.0
0.0,0.0,0.0,0.0,0.0,0.0,0.0,0.0,0.0,0.0,0.0,0.0,0.0,0.0,0.0,0.0,0.0,0.0,0.0,0.0,0.0,0.0,0.0,0.0,0.0,0.0,0.0,0.0,0.0,0.0,0.0,0.0,0.0,0.0,0.0,0.0,0.0,0.0,0.0,0.0,0.0,0.0,0.0,0.0,0.0,0.0,0.0,0.0,0.0,0.0,0.0,0.0
0.27131034346187816,0.006191879510879517,0.03138411045074463,0.25538742542266846,0.14102903008460999,0.8495109677314758,0.19026243686676025,0.8542241454124451,0.10346606373786926,0.8932003974914551,0.3009297847747803,0.8364783525466919,0.0009337067604064941,0.044753968715667725,0.012777835130691528,0.06223708391189575,0.024609506130218506,0.004899144172668457,151.04385325672862,265.7165634832222,147.2389893269801,270.2509445538052,138.44475679083186,256.2123013343171,142.2695618933374,248.84309522825467,136.07301005164348,243.56518111211793,153.27674742059395,214.63505895875343,109.77308838184064,215.3113035989894,199.59475586440539,197.0620715074974,192.02614371331185,191.18678752752805,180.87249455740167,254.670873191431,183.86737443850592,256.7733726055502,203.7008681873699,115.93761558441237,159.39026128328766,85.47384287241839,232.72183146843545,203.4857337995113,189.7683685218895,194.38127556579008,279.9266637865004,224.3866015109513,247.88884609712517,211.6675870506455
0.0,0.0,0.0,0.0,0.0,0.0,0.0,0.0,0.0,0.0,0.0,0.0,0.0,0.0,0.0,0.0,0.0,0.0,0.0,0.0,0.0,0.0,0.0,0.0,0.0,0.0,0.0,0.0,0.0,0.0,0.0,0.0,0.0,0.0,0.0,0.0,0.0,0.0,0.0,0.0,0.0,0.0,0.0,0.0,0.0,0.0,0.0,0.0,0.0,0.0,0.0,0.0
0.35401800800772276,0.953713059425354,0.876763105392456,0.8923519849777222,0.7940576076507568,0.7286401987075806,0.35149216651916504,0.5454438328742981,0.028790712356567383,0.02067139744758606,0.4913285970687866,0.26838332414627075,0.0038293302059173584,0.02604430913925171,0.004654884338378906,0.018530070781707764,0.008295655250549316,0.005315899848937988,149.8908807232172,183.7685922297036,141.36545534450482,193.32480381497848,139.74988243886543,177.10793200547133,134.83445941165274,210.72334025933492,130.1659246167763,168.1428805147083,132.06757098807338,226.26925605422437,133.4695931786818,150.70484729963266,130.6753075110467,271.8696456743773,126.02111008157374,101.554901412509,135.73963001061276,313.7967722719601,129.09823920222237,64.4395090635553,176.8221843341574,212.61592810716087,201.3225926403188,134.73696184029103,202.98469344609998,235.842295494183,200.07494609880249,100.35614203631394,243.37737402109684,230.0513941033423,228.2552123514943,84.22552716118211
0.0,0.0,0.0,0.0,0.0,0.0,0.0,0.0,0.0,0.0,0.0,0.0,0.0,0.0,0.0,0.0,0.0,0.0,0.0,0.0,0.0,0.0,0.0,0.0,0.0,0.0,0.0,0.0,0.0,0.0,0.0,0.0,0.0,0.0,0.0,0.0,0.0,0.0,0.0,0.0,0.0,0.0,0.0,0.0,0.0,0.0,0.0,0.0,0.0,0.0,0.0,0.0
0.0,0.0,0.0,0.0,0.0,0.0,0.0,0.0,0.0,0.0,0.0,0.0,0.0,0.0,0.0,0.0,0.0,0.0,0.0,0.0,0.0,0.0,0.0,0.0,0.0,0.0,0.0,0.0,0.0,0.0,0.0,0.0,0.0,0.0,0.0,0.0,0.0,0.0,0.0,0.0,0.0,0.0,0.0,0.0,0.0,0.0,0.0,0.0,0.0,0.0,0.0,0.0
0.0,0.0,0.0,0.0,0.0,0.0,0.0,0.0,0.0,0.0,0.0,0.0,0.0,0.0,0.0,0.0,0.0,0.0,0.0,0.0,0.0,0.0,0.0,0.0,0.0,0.0,0.0,0.0,0.0,0.0,0.0,0.0,0.0,0.0,0.0,0.0,0.0,0.0,0.0,0.0,0.0,0.0,0.0,0.0,0.0,0.0,0.0,0.0,0.0,0.0,0.0,0.0
0.0,0.0,0.0,0.0,0.0,0.0,0.0,0.0,0.0,0.0,0.0,0.0,0.0,0.0,0.0,0.0,0.0,0.0,0.0,0.0,0.0,0.0,0.0,0.0,0.0,0.0,0.0,0.0,0.0,0.0,0.0,0.0,0.0,0.0,0.0,0.0,0.0,0.0,0.0,0.0,0.0,0.0,0.0,0.0,0.0,0.0,0.0,0.0,0.0,0.0,0.0,0.0
0.0,0.0,0.0,0.0,0.0,0.0,0.0,0.0,0.0,0.0,0.0,0.0,0.0,0.0,0.0,0.0,0.0,0.0,0.0,0.0,0.0,0.0,0.0,0.0,0.0,0.0,0.0,0.0,0.0,0.0,0.0,0.0,0.0,0.0,0.0,0.0,0.0,0.0,0.0,0.0,0.0,0.0,0.0,0.0,0.0,0.0,0.0,0.0,0.0,0.0,0.0,0.0
0.0,0.0,0.0,0.0,0.0,0.0,0.0,0.0,0.0,0.0,0.0,0.0,0.0,0.0,0.0,0.0,0.0,0.0,0.0,0.0,0.0,0.0,0.0,0.0,0.0,0.0,0.0,0.0,0.0,0.0,0.0,0.0,0.0,0.0,0.0,0.0,0.0,0.0,0.0,0.0,0.0,0.0,0.0,0.0,0.0,0.0,0.0,0.0,0.0,0.0,0.0,0.0
0.0,0.0,0.0,0.0,0.0,0.0,0.0,0.0,0.0,0.0,0.0,0.0,0.0,0.0,0.0,0.0,0.0,0.0,0.0,0.0,0.0,0.0,0.0,0.0,0.0,0.0,0.0,0.0,0.0,0.0,0.0,0.0,0.0,0.0,0.0,0.0,0.0,0.0,0.0,0.0,0.0,0.0,0.0,0.0,0.0,0.0,0.0,0.0,0.0,0.0,0.0,0.0
0.0,0.0,0.0,0.0,0.0,0.0,0.0,0.0,0.0,0.0,0.0,0.0,0.0,0.0,0.0,0.0,0.0,0.0,0.0,0.0,0.0,0.0,0.0,0.0,0.0,0.0,0.0,0.0,0.0,0.0,0.0,0.0,0.0,0.0,0.0,0.0,0.0,0.0,0.0,0.0,0.0,0.0,0.0,0.0,0.0,0.0,0.0,0.0,0.0,0.0,0.0,0.0
0.0,0.0,0.0,0.0,0.0,0.0,0.0,0.0,0.0,0.0,0.0,0.0,0.0,0.0,0.0,0.0,0.0,0.0,0.0,0.0,0.0,0.0,0.0,0.0,0.0,0.0,0.0,0.0,0.0,0.0,0.0,0.0,0.0,0.0,0.0,0.0,0.0,0.0,0.0,0.0,0.0,0.0,0.0,0.0,0.0,0.0,0.0,0.0,0.0,0.0,0.0,0.0
0.0,0.0,0.0,0.0,0.0,0.0,0.0,0.0,0.0,0.0,0.0,0.0,0.0,0.0,0.0,0.0,0.0,0.0,0.0,0.0,0.0,0.0,0.0,0.0,0.0,0.0,0.0,0.0,0.0,0.0,0.0,0.0,0.0,0.0,0.0,0.0,0.0,0.0,0.0,0.0,0.0,0.0,0.0,0.0,0.0,0.0,0.0,0.0,0.0,0.0,0.0,0.0
0.46384341576520133,0.9968714118003845,0.9548659324645996,0.9986532926559448,0.469093382358551,0.7117892503738403,0.7342089414596558,0.828967809677124,0.9362025260925293,0.6845568418502808,0.23454609513282776,0.1990894377231598,0.12554395198822021,0.007188767194747925,0.0007586181163787842,0.0001779496669769287,0.0023784637451171875,0.00044539570808410645,190.63057587315404,630.5981335725569,158.87024920459595,650.1269721835968,164.14531332113873,604.2316069294009,162.21482138031894,674.9219412286238,169.40026948587573,575.17018374012,265.3532965206405,716.5449915818178,273.8116246883482,533.4675239604679,450.5909965504555,732.1297210050132,448.8788825232179,494.5878921496877,602.634520881219,754.473448134697,590.082576833717,446.0112548637539,533.8223398872619,688.9943987498704,538.5207460591267,566.5712764838261,683.8179892276759,751.5092612764595,672.4828345897955,506.5898900623902,701.2247328420949,750.5065484981254,707.8011787615603,509.3926670810006
0.3647646956584033,0.9935615062713623,0.9681930541992188,0.18874558806419373,0.9881486892700195,0.006211668252944946,0.8666118383407593,0.6596904993057251,0.6247002482414246,0.23871377110481262,0.2670309245586395,0.33409440517425537,0.048358798027038574,0.007561773061752319,0.006442040205001831,0.0014958977699279785,0.0006933510303497314,0.0007457733154296875,526.8152102401924,338.3147367337565,512.1244971600829,343.14759157749126,516.3336722883051,339.25253000720613,513.728398393952,373.25918307728404,519.3313242925193,346.925716310879,584.444356215732,397.1141049865628,580.5302778049513,384.3754713323299,653.6342596873781,324.41120594042513,654.2745945729029,343.13649860447543,696.2867677611193,263.9422340809648,694.0258672368886,261.4325751008556,715.6620375983549,445.45186297197984,719.8940263523892,439.65801840081417,708.0290142341162,307.91159595602574,706.7476618922587,318.43692107059286,755.5129895165609,302.9290459643288,755.9175612403004,305.52693550002743
0.37975262368426604,0.9949878454208374,0.9884335398674011,0.9938089847564697,0.8118958473205566,0.7322030067443848,0.42951974272727966,0.7030982971191406,0.02273106575012207,0.04806172847747803,0.21557283401489258,0.3891282379627228,0.005873680114746094,0.07444524765014648,0.0045357346534729,0.02304735779762268,0.018017202615737915,0.0004342496395111084,141.3559977000635,313.06889764604256,126.71819799216185,326.16191179629607,125.92256454066921,303.2870880043637,115.92546004098227,351.7837405390747,112.0393708385441,288.0287754814636,130.1257450338324,372.9572042622916,130.72949397921838,270.015060615242,145.40600901332795,430.497054696641,144.7937428340075,201.5720218652496,132.58211610044674,524.7602603811184,143.61323427438185,84.40513860788806,197.45123194423064,457.42606604898964,229.7098725585409,265.0834686707781,220.9270200509122,495.9959309856159,283.22872408267807,256.6599101097833,279.6349540772669,496.710337432052,365.29785766887886,254.96842484020408
0.0,0.0,0.0,0.0,0.0,0.0,0.0,0.0,0.0,0.0,0.0,0.0,0.0,0.0,0.0,0.0,0.0,0.0,0.0,0.0,0.0,0.0,0.0,0.0,0.0,0.0,0.0,0.0,0.0,0.0,0.0,0.0,0.0,0.0,0.0,0.0,0.0,0.0,0.0,0.0,0.0,0.0,0.0,0.0,0.0,0.0,0.0,0.0,0.0,0.0,0.0,0.0
0.4542931528652416,0.9869699478149414,0.9881536960601807,0.4171944260597229,0.9582693576812744,0.03204166889190674,0.8450136184692383,0.5267863273620605,0.5767398476600647,0.3031359910964966,0.7441783547401428,0.573089599609375,0.2757796049118042,0.37118321657180786,0.0436575710773468,0.0379185676574707,0.027344465255737305,0.015527337789535522,75.82721260545168,117.66541287938952,70.77401691150172,118.72663597188571,66.84939018802939,113.51311221660808,56.93226258371778,139.47929740415938,64.37648872019713,124.9306099702412,72.27981698327731,165.94477924391455,76.47123720979444,157.4917876395734,112.90982297279056,116.18893018492466,107.9340074964138,124.13478164821284,140.30409239734394,50.68605567694638,137.33194702029846,54.00406737271914,136.1093252557547,226.57332795139416,135.27758578562367,212.05948410331044,147.24792799183743,142.87191917924102,146.08872176452005,152.681691581637,176.0466420465183,123.37027468106163,175.31690182463493,126.65562195536693
0.0,0.0,0.0,0.0,0.0,0.0,0.0,0.0,0.0,0.0,0.0,0.0,0.0,0.0,0.0,0.0,0.0,0.0,0.0,0.0,0.0,0.0,0.0,0.0,0.0,0.0,0.0,0.0,0.0,0.0,0.0,0.0,0.0,0.0,0.0,0.0,0.0,0.0,0.0,0.0,0.0,0.0,0.0,0.0,0.0,0.0,0.0,0.0,0.0,0.0,0.0,0.0
0.0,0.0,0.0,0.0,0.0,0.0,0.0,0.0,0.0,0.0,0.0,0.0,0.0,0.0,0.0,0.0,0.0,0.0,0.0,0.0,0.0,0.0,0.0,0.0,0.0,0.0,0.0,0.0,0.0,0.0,0.0,0.0,0.0,0.0,0.0,0.0,0.0,0.0,0.0,0.0,0.0,0.0,0.0,0.0,0.0,0.0,0.0,0.0,0.0,0.0,0.0,0.0
0.0,0.0,0.0,0.0,0.0,0.0,0.0,0.0,0.0,0.0,0.0,0.0,0.0,0.0,0.0,0.0,0.0,0.0,0.0,0.0,0.0,0.0,0.0,0.0,0.0,0.0,0.0,0.0,0.0,0.0,0.0,0.0,0.0,0.0,0.0,0.0,0.0,0.0,0.0,0.0,0.0,0.0,0.0,0.0,0.0,0.0,0.0,0.0,0.0,0.0,0.0,0.0
0.0,0.0,0.0,0.0,0.0,0.0,0.0,0.0,0.0,0.0,0.0,0.0,0.0,0.0,0.0,0.0,0.0,0.0,0.0,0.0,0.0,0.0,0.0,0.0,0.0,0.0,0.0,0.0,0.0,0.0,0.0,0.0,0.0,0.0,0.0,0.0,0.0,0.0,0.0,0.0,0.0,0.0,0.0,0.0,0.0,0.0,0.0,0.0,0.0,0.0,0.0,0.0
0.0,0.0,0.0,0.0,0.0,0.0,0.0,0.0,0.0,0.0,0.0,0.0,0.0,0.0,0.0,0.0,0.0,0.0,0.0,0.0,0.0,0.0,0.0,0.0,0.0,0.0,0.0,0.0,0.0,0.0,0.0,0.0,0.0,0.0,0.0,0.0,0.0,0.0,0.0,0.0,0.0,0.0,0.0,0.0,0.0,0.0,0.0,0.0,0.0,0.0,0.0,0.0
0.0,0.0,0.0,0.0,0.0,0.0,0.0,0.0,0.0,0.0,0.0,0.0,0.0,0.0,0.0,0.0,0.0,0.0,0.0,0.0,0.0,0.0,0.0,0.0,0.0,0.0,0.0,0.0,0.0,0.0,0.0,0.0,0.0,0.0,0.0,0.0,0.0,0.0,0.0,0.0,0.0,0.0,0.0,0.0,0.0,0.0,0.0,0.0,0.0,0.0,0.0,0.0
0.0,0.0,0.0,0.0,0.0,0.0,0.0,0.0,0.0,0.0,0.0,0.0,0.0,0.0,0.0,0.0,0.0,0.0,0.0,0.0,0.0,0.0,0.0,0.0,0.0,0.0,0.0,0.0,0.0,0.0,0.0,0.0,0.0,0.0,0.0,0.0,0.0,0.0,0.0,0.0,0.0,0.0,0.0,0.0,0.0,0.0,0.0,0.0,0.0,0.0,0.0,0.0
0.0,0.0,0.0,0.0,0.0,0.0,0.0,0.0,0.0,0.0,0.0,0.0,0.0,0.0,0.0,0.0,0.0,0.0,0.0,0.0,0.0,0.0,0.0,0.0,0.0,0.0,0.0,0.0,0.0,0.0,0.0,0.0,0.0,0.0,0.0,0.0,0.0,0.0,0.0,0.0,0.0,0.0,0.0,0.0,0.0,0.0,0.0,0.0,0.0,0.0,0.0,0.0
0.0,0.0,0.0,0.0,0.0,0.0,0.0,0.0,0.0,0.0,0.0,0.0,0.0,0.0,0.0,0.0,0.0,0.0,0.0,0.0,0.0,0.0,0.0,0.0,0.0,0.0,0.0,0.0,0.0,0.0,0.0,0.0,0.0,0.0,0.0,0.0,0.0,0.0,0.0,0.0,0.0,0.0,0.0,0.0,0.0,0.0,0.0,0.0,0.0,0.0,0.0,0.0
0.3953043643166037,0.9637985825538635,0.9785282611846924,0.10767954587936401,0.9864444732666016,0.03858625888824463,0.9085824489593506,0.7737041115760803,0.6421899795532227,0.1773504614830017,0.8724492788314819,0.09392249584197998,0.04295003414154053,0.03693985939025879,0.021745145320892334,0.06953659653663635,0.004049837589263916,0.0017168223857879639,170.00140418887509,157.67165358719686,163.20639684564227,160.10201377897857,161.23676906122225,155.1163394626371,158.94758468105042,180.79010914588028,161.11003079518352,169.79381586767252,177.1653709530459,198.04297693588154,179.5917137835256,205.06219845306634,240.2516720970843,158.10213726188132,213.889557550258,197.77898783142157,212.72262905988367,124.07713334650664,224.13930191800603,165.28760436383016,223.73298050829925,268.5926649777555,239.2950715157102,257.84211891531146,231.85322604075398,202.1450090514525,237.44069322247373,200.32988975202053,269.55421828035253,184.69590439828306,268.0842906440901,190.75316258421984
0.0,0.0,0.0,0.0,0.0,0.0,0.0,0.0,0.0,0.0,0.0,0.0,0.0,0.0,0.0,0.0,0.0,0.0,0.0,0.0,0.0,0.0,0.0,0.0,0.0,0.0,0.0,0.0,0.0,0.0,0.0,0.0,0.0,0.0,0.0,0.0,0.0,0.0,0.0,0.0,0.0,0.0,0.0,0.0,0.0,0.0,0.0,0.0,0.0,0.0,0.0,0.0
0.0,0.0,0.0,0.0,0.0,0.0,0.0,0.0,0.0,0.0,0.0,0.0,0.0,0.0,0.0,0.0,0.0,0.0,0.0,0.0,0.0,0.0,0.0,0.0,0.0,0.0,0.0,0.0,0.0,0.0,0.0,0.0,0.0,0.0,0.0,0.0,0.0,0.0,0.0,0.0,0.0,0.0,0.0,0.0,0.0,0.0,0.0,0.0,0.0,0.0,0.0,0.0
0.0,0.0,0.0,0.0,0.0,0.0,0.0,0.0,0.0,0.0,0.0,0.0,0.0,0.0,0.0,0.0,0.0,0.0,0.0,0.0,0.0,0.0,0.0,0.0,0.0,0.0,0.0,0.0,0.0,0.0,0.0,0.0,0.0,0.0,0.0,0.0,0.0,0.0,0.0,0.0,0.0,0.0,0.0,0.0,0.0,0.0,0.0,0.0,0.0,0.0,0.0,0.0
0.2709907696527593,0.8876857757568359,0.9393192529678345,0.9481545090675354,0.34033191204071045,0.29663562774658203,0.9014129042625427,0.011709094047546387,0.2152268886566162,0.030773639678955078,0.002524852752685547,0.010146409273147583,0.004051387310028076,0.014666587114334106,0.0022221505641937256,0.0018694102764129639,5.188584327697754e-05,6.079673767089844e-05,297.17214700902906,454.32064509312045,281.73690375389,469.11747160563897,280.0933324741573,439.816961001393,278.6011731288054,489.6273590649251,282.849119304725,422.021853724451,309.53996103550315,510.53597600165017,327.29332252207695,412.3072857043416,389.76951764915884,536.102961218078,436.6924555128078,377.32145985632036,441.6582148638381,538.8492456646667,483.78033368761083,425.67404329178726,492.7954245463877,504.00992141519504,496.75260920182734,413.15183001617123,594.1712166599232,494.9405300976042,612.577313388439,417.91337596931584,670.3501765742167,497.2689441713601,670.4890876609893,416.2659383139084
0.0,0.0,0.0,0.0,0.0,0.0,0.0,0.0,0.0,0.0,0.0,0.0,0.0,0.0,0.0,0.0,0.0,0.0,0.0,0.0,0.0,0.0,0.0,0.0,0.0,0.0,0.0,0.0,0.0,0.0,0.0,0.0,0.0,0.0,0.0,0.0,0.0,0.0,0.0,0.0,0.0,0.0,0.0,0.0,0.0,0.0,0.0,0.0,0.0,0.0,0.0,0.0
0.0,0.0,0.0,0.0,0.0,0.0,0.0,0.0,0.0,0.0,0.0,0.0,0.0,0.0,0.0,0.0,0.0,0.0,0.0,0.0,0.0,0.0,0.0,0.0,0.0,0.0,0.0,0.0,0.0,0.0,0.0,0.0,0.0,0.0,0.0,0.0,0.0,0.0,0.0,0.0,0.0,0.0,0.0,0.0,0.0,0.0,0.0,0.0,0.0,0.0,0.0,0.0
0.37644466231851015,0.9739652276039124,0.8378535509109497,0.9520329236984253,0.18856632709503174,0.882165789604187,0.7372345924377441,0.6994985342025757,0.6673683524131775,0.18680089712142944,0.003853023052215576,0.00343930721282959,0.08687058091163635,0.06994885206222534,0.056276023387908936,0.02434554696083069,0.022337108850479126,0.00700262188911438,151.01157806731842,227.95253450363253,143.6568218185788,232.21481292187204,143.40443804368869,218.03714474904893,139.3534172812661,243.11763072068916,137.42017568511403,204.79632913598286,131.18997566865914,249.39003232665203,128.7397821587084,190.27007174326695,134.80812145414808,277.2022088339367,137.23953439901163,155.8272609160073,168.10126232664228,317.62199097692826,150.24857606992617,120.79008702152595,145.53465304531895,253.0182157212537,145.81087256351233,190.36684178094666,178.72581241593693,268.325493180449,179.17058573013696,173.0963000524402,197.04605376414764,262.2035396985589,207.87911822420338,176.71872318699508
0.3170914544778712,0.9877791404724121,0.9348731637001038,0.9647833108901978,0.2963794767856598,0.250013142824173,0.030960649251937866,0.6669086813926697,0.6082550883293152,0.28893327713012695,0.13427191972732544,0.08363321423530579,0.07362037897109985,0.029603898525238037,0.012962281703948975,0.010099053382873535,0.013361752033233643,0.0041162967681884766,140.15871739387512,204.7633842884494,129.778843998909,214.89266824665117,129.46225345134735,198.46453172125692,119.24204730987549,226.67268568949163,119.00016212463379,186.99218197692215,116.9390754699707,247.20247655177863,117.03286790847778,164.78312131312256,133.13619899749756,306.32262487205674,123.08730745315552,104.41642530816351,145.41237926483154,355.7475888757683,124.5246148109436,51.514752477193056,139.40077114105225,310.3061998615877,151.81828498840332,144.60816178962196,165.84081983566284,336.778303016004,162.31860446929932,103.5161165024737,224.5321608185768,343.9732234397953,204.85928344726562,59.08269344759788
0.0,0.0,0.0,0.0,0.0,0.0,0.0,0.0,0.0,0.0,0.0,0.0,0.0,0.0,0.0,0.0,0.0,0.0,0.0,0.0,0.0,0.0,0.0,0.0,0.0,0.0,0.0,0.0,0.0,0.0,0.0,0.0,0.0,0.0,0.0,0.0,0.0,0.0,0.0,0.0,0.0,0.0,0.0,0.0,0.0,0.0,0.0,0.0,0.0,0.0,0.0,0.0
0.3064330097507028,0.9938808679580688,0.055367887020111084,0.982636570930481,0.0014040470123291016,0.9950681328773499,0.8357698917388916,0.08943203091621399,0.7962938547134399,0.00945967435836792,0.1017480194568634,0.24520984292030334,0.030607491731643677,0.04537177085876465,0.013861328363418579,0.012027561664581299,0.0008668899536132812,0.0003553032875061035,108.92554428016155,393.4980174799616,93.70092894709565,391.4957152568723,91.32868567223039,379.4292779377133,101.02914756452533,390.4175792965384,96.40941470561611,326.88660581848967,175.93354070690316,320.28622883324704,174.61658147738973,275.75939494051335,281.3860592947639,360.4813593738484,301.59349268830755,290.5356840402191,362.13108711319427,427.06877344405535,431.76721327261663,362.2011087110323,339.0983719701018,243.88565719560202,337.3590295823287,164.03543668838302,385.2445786627725,390.49132614246474,384.77013528466944,303.96989564937155,413.2413461174763,485.6528496707645,475.540678745784,347.2398353072833
0.0,0.0,0.0,0.0,0.0,0.0,0.0,0.0,0.0,0.0,0.0,0.0,0.0,0.0,0.0,0.0,0.0,0.0,0.0,0.0,0.0,0.0,0.0,0.0,0.0,0.0,0.0,0.0,0.0,0.0,0.0,0.0,0.0,0.0,0.0,0.0,0.0,0.0,0.0,0.0,0.0,0.0,0.0,0.0,0.0,0.0,0.0,0.0,0.0,0.0,0.0,0.0
0.0,0.0,0.0,0.0,0.0,0.0,0.0,0.0,0.0,0.0,0.0,0.0,0.0,0.0,0.0,0.0,0.0,0.0,0.0,0.0,0.0,0.0,0.0,0.0,0.0,0.0,0.0,0.0,0.0,0.0,0.0,0.0,0.0,0.0,0.0,0.0,0.0,0.0,0.0,0.0,0.0,0.0,0.0,0.0,0.0,0.0,0.0,0.0,0.0,0.0,0.0,0.0
0.0,0.0,0.0,0.0,0.0,0.0,0.0,0.0,0.0,0.0,0.0,0.0,0.0,0.0,0.0,0.0,0.0,0.0,0.0,0.0,0.0,0.0,0.0,0.0,0.0,0.0,0.0,0.0,0.0,0.0,0.0,0.0,0.0,0.0,0.0,0.0,0.0,0.0,0.0,0.0,0.0,0.0,0.0,0.0,0.0,0.0,0.0,0.0,0.0,0.0,0.0,0.0
0.0,0.0,0.0,0.0,0.0,0.0,0.0,0.0,0.0,0.0,0.0,0.0,0.0,0.0,0.0,0.0,0.0,0.0,0.0,0.0,0.0,0.0,0.0,0.0,0.0,0.0,0.0,0.0,0.0,0.0,0.0,0.0,0.0,0.0,0.0,0.0,0.0,0.0,0.0,0.0,0.0,0.0,0.0,0.0,0.0,0.0,0.0,0.0,0.0,0.0,0.0,0.0
0.42257293708184185,0.9742074012756348,0.31477296352386475,0.9849363565444946,0.0049256086349487305,0.9933600425720215,0.3728635013103485,0.8054114580154419,0.907028317451477,0.44588416814804077,0.4569593071937561,0.8741557598114014,0.010566890239715576,0.02091747522354126,0.00045290589332580566,0.008350729942321777,0.004590392112731934,0.004356652498245239,104.76106497243202,196.65200022925143,94.47921794013581,198.66552862411552,91.17179629711957,192.4099207353427,91.13983035500075,191.69350467998677,88.28061281521016,167.4244925454001,123.97275541562936,153.2762265188884,134.0433200189399,137.30181012351622,188.87699621853946,192.42073286280913,212.11704803585596,183.59442280898045,213.26659760755652,256.1689719130836,219.871854485525,249.99038599684167,250.90177486408956,63.292485405417054,232.083318939671,58.31969667058503,276.55476106161893,129.6256828110111,251.7429414893723,150.55370312661037,289.049021991479,161.84481178930474,290.7693456068996,181.87278111088236
0.0,0.0,0.0,0.0,0.0,0.0,0.0,0.0,0.0,0.0,0.0,0.0,0.0,0.0,0.0,0.0,0.0,0.0,0.0,0.0,0.0,0.0,0.0,0.0,0.0,0.0,0.0,0.0,0.0,0.0,0.0,0.0,0.0,0.0,0.0,0.0,0.0,0.0,0.0,0.0,0.0,0.0,0.0,0.0,0.0,0.0,0.0,0.0,0.0,0.0,0.0,0.0
0.0,0.0,0.0,0.0,0.0,0.0,0.0,0.0,0.0,0.0,0.0,0.0,0.0,0.0,0.0,0.0,0.0,0.0,0.0,0.0,0.0,0.0,0.0,0.0,0.0,0.0,0.0,0.0,0.0,0.0,0.0,0.0,0.0,0.0,0.0,0.0,0.0,0.0,0.0,0.0,0.0,0.0,0.0,0.0,0.0,0.0,0.0,0.0,0.0,0.0,0.0,0.0
0.0,0.0,0.0,0.0,0.0,0.0,0.0,0.0,0.0,0.0,0.0,0.0,0.0,0.0,0.0,0.0,0.0,0.0,0.0,0.0,0.0,0.0,0.0,0.0,0.0,0.0,0.0,0.0,0.0,0.0,0.0,0.0,0.0,0.0,0.0,0.0,0.0,0.0,0.0,0.0,0.0,0.0,0.0,0.0,0.0,0.0,0.0,0.0,0.0,0.0,0.0,0.0
0.3393530565149644,0.9213764667510986,0.09890890121459961,0.9783096313476562,0.0043579041957855225,0.9816830158233643,0.70107102394104,0.40827858448028564,0.016082346439361572,0.6549877524375916,0.07122740149497986,0.36570826172828674,0.2607477307319641,0.24200314283370972,0.025592178106307983,0.03406861424446106,0.0019215047359466553,0.0026775002479553223,75.29596401745584,203.3385716753898,63.76259971450974,202.5268793391953,63.24477628124503,199.73435056009455,64.62223429426606,194.82149448897914,61.72033545036456,171.11809545283697,96.3780241344438,135.30885584348684,101.24488963312282,153.8892865466843,147.29230833926917,183.89157411291734,160.0682212057568,230.62586841537515,170.1593545539912,238.27359550576705,175.9113736798912,308.3200205287202,212.54721172825322,94.3405780860846,213.1120585216271,89.02144672201693,224.15113961740292,200.25842378465393,228.2697765853379,209.28875519503222,247.0688054989546,289.7881681684682,247.86697946625316,290.4043788246686
0.0,0.0,0.0,0.0,0.0,0.0,0.0,0.0,0.0,0.0,0.0,0.0,0.0,0.0,0.0,0.0,0.0,0.0,0.0,0.0,0.0,0.0,0.0,0.0,0.0,0.0,0.0,0.0,0.0,0.0,0.0,0.0,0.0,0.0,0.0,0.0,0.0,0.0,0.0,0.0,0.0,0.0,0.0,0.0,0.0,0.0,0.0,0.0,0.0,0.0,0.0,0.0
