score,nose_score,leftEye_score,rightEye_score,leftEar_score,rightEar_score,leftShoulder_score,rightShoulder_score,leftElbow_score,rightElbow_score,leftWrist_score,rightWrist_score,leftHip_score,rightHip_score,leftKnee_score,rightKnee_score,leftAnkle_score,rightAnkle_score,nose_y,nose_x,leftEye_y,leftEye_x,rightEye_y,rightEye_x,leftEar_y,leftEar_x,rightEar_y,rightEar_x,leftShoulder_y,leftShoulder_x,rightShoulder_y,rightShoulder_x,leftElbow_y,leftElbow_x,rightElbow_y,rightElbow_x,leftWrist_y,leftWrist_x,rightWrist_y,rightWrist_x,leftHip_y,leftHip_x,rightHip_y,rightHip_x,leftKnee_y,leftKnee_x,rightKnee_y,rightKnee_x,leftAnkle_y,leftAnkle_x,rightAnkle_y,rightAnkle_x
0.28149855487486897,0.3734847903251648,0.8824673891067505,0.0599786639213562,0.9687707424163818,0.013506919145584106,0.6973412036895752,0.5886088609695435,0.9403913021087646,0.17158851027488708,0.06172695755958557,0.023303091526031494,0.00031960010528564453,0.0004775524139404297,0.0008881986141204834,0.0012009143829345703,0.0008207261562347412,0.0006000101566314697,124.46175625085007,48.725045796757556,111.60970993396734,33.97557887733647,111.95502583460825,35.92743173951827,94.69197274533111,51.1728182582388,100.37508575809044,45.77642773838511,115.97806937141816,104.34539472924044,116.37690675134891,109.14211968589733,201.94465651726642,116.85088685679277,196.9210399772882,121.9439670673192,271.552458043742,117.34339781168576,273.1058599682828,109.57095844973966,217.99553983681756,203.7348403420905,208.47987928996864,196.64771275424746,288.13715991759386,246.6845024593158,276.95266241185806,228.88823306587068,287.5105493530683,238.5009971907516,287.18031611822056,238.2354899047478
0.0,0.0,0.0,0.0,0.0,0.0,0.0,0.0,0.0,0.0,0.0,0.0,0.0,0.0,0.0,0.0,0.0,0.0,0.0,0.0,0.0,0.0,0.0,0.0,0.0,0.0,0.0,0.0,0.0,0.0,0.0,0.0,0.0,0.0,0.0,0.0,0.0,0.0,0.0,0.0,0.0,0.0,0.0,0.0,0.0,0.0,0.0,0.0,0.0,0.0,0.0,0.0
0.0,0.0,0.0,0.0,0.0,0.0,0.0,0.0,0.0,0.0,0.0,0.0,0.0,0.0,0.0,0.0,0.0,0.0,0.0,0.0,0.0,0.0,0.0,0.0,0.0,0.0,0.0,0.0,0.0,0.0,0.0,0.0,0.0,0.0,0.0,0.0,0.0,0.0,0.0,0.0,0.0,0.0,0.0,0.0,0.0,0.0,0.0,0.0,0.0,0.0,0.0,0.0
0.0,0.0,0.0,0.0,0.0,0.0,0.0,0.0,0.0,0.0,0.0,0.0,0.0,0.0,0.0,0.0,0.0,0.0,0.0,0.0,0.0,0.0,0.0,0.0,0.0,0.0,0.0,0.0,0.0,0.0,0.0,0.0,0.0,0.0,0.0,0.0,0.0,0.0,0.0,0.0,0.0,0.0,0.0,0.0,0.0,0.0,0.0,0.0,0.0,0.0,0.0,0.0
0.0,0.0,0.0,0.0,0.0,0.0,0.0,0.0,0.0,0.0,0.0,0.0,0.0,0.0,0.0,0.0,0.0,0.0,0.0,0.0,0.0,0.0,0.0,0.0,0.0,0.0,0.0,0.0,0.0,0.0,0.0,0.0,0.0,0.0,0.0,0.0,0.0,0.0,0.0,0.0,0.0,0.0,0.0,0.0,0.0,0.0,0.0,0.0,0.0,0.0,0.0,0.0
0.0,0.0,0.0,0.0,0.0,0.0,0.0,0.0,0.0,0.0,0.0,0.0,0.0,0.0,0.0,0.0,0.0,0.0,0.0,0.0,0.0,0.0,0.0,0.0,0.0,0.0,0.0,0.0,0.0,0.0,0.0,0.0,0.0,0.0,0.0,0.0,0.0,0.0,0.0,0.0,0.0,0.0,0.0,0.0,0.0,0.0,0.0,0.0,0.0,0.0,0.0,0.0
0.2838134292293997,0.9645266532897949,0.9080450534820557,0.02404046058654785,0.7664403319358826,0.0017324388027191162,0.31878024339675903,0.028069019317626953,0.8375744223594666,0.10933586955070496,0.7657280564308167,0.0902310311794281,0.0016947686672210693,0.005384892225265503,0.00278511643409729,0.0002963244915008545,0.00010281801223754883,6.079673767089844e-05,282.13460284280995,214.93988382852328,267.5836694875627,220.19967715905872,273.41267394148593,216.1978407568802,268.1780877831864,252.16592786775493,280.68369185362053,233.35704390496045,335.6741062146888,303.22129176582575,343.4480501273633,314.7337928879537,437.51598423474456,294.96621173194046,424.80587571178944,324.2051159627248,436.98092860310044,204.02663664035086,424.888920058217,230.17541111295915,443.24741026037907,405.74491780330044,464.58655113861806,425.46541333078494,539.0302415053776,402.02725047671424,583.1018394193239,433.4804269842511,631.1089358854149,400.4258958234528,660.4476886797169,433.9157957564908
0.0,0.0,0.0,0.0,0.0,0.0,0.0,0.0,0.0,0.0,0.0,0.0,0.0,0.0,0.0,0.0,0.0,0.0,0.0,0.0,0.0,0.0,0.0,0.0,0.0,0.0,0.0,0.0,0.0,0.0,0.0,0.0,0.0,0.0,0.0,0.0,0.0,0.0,0.0,0.0,0.0,0.0,0.0,0.0,0.0,0.0,0.0,0.0,0.0,0.0,0.0,0.0
0.26319759382921104,0.9242880344390869,0.9047247171401978,0.17453855276107788,0.9326779842376709,0.06279930472373962,0.5133837461471558,0.23006758093833923,0.5459071397781372,0.1548466682434082,0.002960801124572754,0.011354029178619385,0.008410990238189697,0.0005622208118438721,0.00044989585876464844,0.0005062520503997803,0.003969669342041016,0.002911508083343506,117.8601999830179,40.33474671485301,109.88925657383662,36.56089442855298,111.68504107786987,32.63052870587605,97.89264130685115,47.823079808294615,103.78072920476416,44.057368301763766,114.15335824053574,71.44825922441353,98.14325618372816,87.40979341956658,171.17548001879382,81.83817514559118,153.42488512454793,89.4708852070134,231.25694988650568,80.01583667951549,195.2464906946694,75.2546454122073,161.45440732922535,173.023587410366,169.74119045391154,180.50124994784514,177.4121648513853,212.75447199338174,177.3691683891682,215.24964474727145,200.50207043436248,324.0066224385083,202.58510368807305,324.6619860848114
0.0,0.0,0.0,0.0,0.0,0.0,0.0,0.0,0.0,0.0,0.0,0.0,0.0,0.0,0.0,0.0,0.0,0.0,0.0,0.0,0.0,0.0,0.0,0.0,0.0,0.0,0.0,0.0,0.0,0.0,0.0,0.0,0.0,0.0,0.0,0.0,0.0,0.0,0.0,0.0,0.0,0.0,0.0,0.0,0.0,0.0,0.0,0.0,0.0,0.0,0.0,0.0
0.0,0.0,0.0,0.0,0.0,0.0,0.0,0.0,0.0,0.0,0.0,0.0,0.0,0.0,0.0,0.0,0.0,0.0,0.0,0.0,0.0,0.0,0.0,0.0,0.0,0.0,0.0,0.0,0.0,0.0,0.0,0.0,0.0,0.0,0.0,0.0,0.0,0.0,0.0,0.0,0.0,0.0,0.0,0.0,0.0,0.0,0.0,0.0,0.0,0.0,0.0,0.0
0.26070748181904063,0.937030553817749,0.5020663738250732,0.9900326728820801,0.012990444898605347,0.9458985328674316,0.2879002094268799,0.36207735538482666,0.03634563088417053,0.0077333152294158936,0.07092171907424927,0.23723268508911133,0.015390723943710327,0.003749459981918335,0.00915062427520752,0.009688794612884521,0.0032299160957336426,0.0005881786346435547,205.6730727435942,519.7729247888713,193.62750473878626,523.9815777479527,193.1743371064526,513.8273304389616,194.1814452353261,515.5762214034258,190.92479484396384,485.708543941501,228.76664356222176,486.8071267389508,213.27098294208173,434.95625179271985,296.75887956650473,493.31014855546124,290.37147970033107,416.8071291662007,310.4217987137839,528.327058757663,306.57876360505594,498.47967131697686,347.86249510962466,434.65672918650125,299.94753756903646,342.71082534696086,399.1981962440614,488.9520252083715,329.4937019796294,336.69804998062716,405.67286191616864,501.04890392488255,406.0862788892446,339.17304565646185
0.2696029824369094,0.9124853014945984,0.13121134042739868,0.9656518697738647,0.005295693874359131,0.883864164352417,0.5460774898529053,0.9054567813873291,0.018905967473983765,0.12569063901901245,0.02535080909729004,0.05727970600128174,0.0002168416976928711,0.0012770891189575195,0.0013223886489868164,0.0003254115581512451,0.0007137060165405273,0.0021255016326904297,112.98039072451323,371.86652204936877,103.72796223354622,381.6473097575276,100.36188876522755,373.6205341215443,94.97435223950123,371.0235643267929,88.01006744452683,352.84502595440114,104.19569888808253,318.7669197222836,109.48526817684004,324.37833086808126,164.4172652156841,305.312492009113,155.38429191770467,303.27719024886517,230.3389100660556,304.6050134739674,222.7295523284097,313.31204012445085,189.60993179581638,242.26084397618015,172.12622895792612,245.78171442274441,246.13874541404337,222.9642664999736,204.7864975773616,206.22478744335604,338.10341295502656,219.26504215992003,279.5139948239312,191.10259245755964
0.0,0.0,0.0,0.0,0.0,0.0,0.0,0.0,0.0,0.0,0.0,0.0,0.0,0.0,0.0,0.0,0.0,0.0,0.0,0.0,0.0,0.0,0.0,0.0,0.0,0.0,0.0,0.0,0.0,0.0,0.0,0.0,0.0,0.0,0.0,0.0,0.0,0.0,0.0,0.0,0.0,0.0,0.0,0.0,0.0,0.0,0.0,0.0,0.0,0.0,0.0,0.0
0.0,0.0,0.0,0.0,0.0,0.0,0.0,0.0,0.0,0.0,0.0,0.0,0.0,0.0,0.0,0.0,0.0,0.0,0.0,0.0,0.0,0.0,0.0,0.0,0.0,0.0,0.0,0.0,0.0,0.0,0.0,0.0,0.0,0.0,0.0,0.0,0.0,0.0,0.0,0.0,0.0,0.0,0.0,0.0,0.0,0.0,0.0,0.0,0.0,0.0,0.0,0.0
0.0,0.0,0.0,0.0,0.0,0.0,0.0,0.0,0.0,0.0,0.0,0.0,0.0,0.0,0.0,0.0,0.0,0.0,0.0,0.0,0.0,0.0,0.0,0.0,0.0,0.0,0.0,0.0,0.0,0.0,0.0,0.0,0.0,0.0,0.0,0.0,0.0,0.0,0.0,0.0,0.0,0.0,0.0,0.0,0.0,0.0,0.0,0.0,0.0,0.0,0.0,0.0
0.2678968520725475,0.9754770398139954,0.9230657815933228,0.8674435615539551,0.8898982405662537,0.1637800931930542,0.06790328025817871,0.583900511264801,0.010244637727737427,0.023189455270767212,0.002521425485610962,0.03359535336494446,0.0015274286270141602,0.0015517771244049072,0.002282559871673584,0.002134770154953003,0.002713829278945923,0.003016740083694458,82.13142587312524,50.4285481799492,69.30514858966052,52.77296291144975,78.55228407254357,44.425598196116965,59.31325355506042,67.60020614497043,73.94726534602059,47.530980078754084,71.58581456702774,105.33179908784186,97.1044635092569,78.87350754334427,133.15130488011846,125.10253399651855,141.38441639817106,85.53397728236142,192.66612197353632,111.24216214297714,173.83046187800488,81.22633116792541,164.6749136408335,181.22932545189718,142.3173278693836,174.69566347529587,171.3995646342202,210.1606074951062,156.7338942096441,207.745597825467,240.1021416998503,208.63708068196883,209.41942985621725,205.4416466354497
0.0,0.0,0.0,0.0,0.0,0.0,0.0,0.0,0.0,0.0,0.0,0.0,0.0,0.0,0.0,0.0,0.0,0.0,0.0,0.0,0.0,0.0,0.0,0.0,0.0,0.0,0.0,0.0,0.0,0.0,0.0,0.0,0.0,0.0,0.0,0.0,0.0,0.0,0.0,0.0,0.0,0.0,0.0,0.0,0.0,0.0,0.0,0.0,0.0,0.0,0.0,0.0
0.3655053657643935,0.9367352724075317,0.49017712473869324,0.9708002805709839,0.007468372583389282,0.4481394290924072,0.6323328018188477,0.4282647669315338,0.2978360652923584,0.5815768837928772,0.27837181091308594,0.029752612113952637,0.016502410173416138,0.002783745527267456,0.6948983073234558,0.0304831862449646,0.02865692973136902,0.3388112187385559,285.87948202079446,399.63187899505886,277.15448700350294,407.8727086385091,278.11106635387273,399.1267499867936,262.8872887786005,397.9137355124044,254.29254708395635,378.46385289353935,265.88024340309124,370.8089353048313,254.59622026209377,330.4982370800442,326.32169969892595,364.852231636382,339.4250227009027,303.73379026937204,343.0467695815702,398.95557729821456,352.7523921682561,361.5694174292492,298.4848690685372,285.2040307563648,279.37222191793336,224.85187520757754,346.82227522698446,306.26422640872977,275.41405750328386,161.15994955364027,354.31917796528313,335.9788111078809,300.9950288738043,89.40103137702273
0.27231307941324573,0.9449259042739868,0.9283668994903564,0.03836628794670105,0.9688084125518799,0.00628054141998291,0.6782212853431702,0.09307563304901123,0.2376866638660431,0.5378444194793701,0.054912835359573364,0.09674739837646484,0.01705688238143921,0.006004989147186279,0.010278552770614624,0.002905219793319702,0.0023003816604614258,0.005540043115615845,109.96240973472595,49.82006767744659,96.40640500187874,50.49643126867151,99.40173816680908,48.69317770517001,93.73182082176208,78.94755580348352,98.01911544799805,60.58537070981918,124.41033148765564,125.23063538664131,113.18262100219727,124.62657682357296,198.99103164672852,123.92392857869466,185.8686408996582,98.9545221431281,266.4208731651306,107.72949639187064,245.81934118270874,77.26105692053353,170.52425956726074,208.1272803275816,184.45317459106445,205.13591501789708,159.13089179992676,267.8348231777068,184.44541311264038,250.9233551435573,188.24718284606934,360.65647121142314,183.51922225952148,338.6103227266701
0.3634306665729074,0.609849750995636,0.2995028793811798,0.8885164260864258,0.30180925130844116,0.8633421659469604,0.4006200432777405,0.706857442855835,0.1571219265460968,0.9588189125061035,0.005300790071487427,0.8603957891464233,0.004172712564468384,0.0550825297832489,0.0008307099342346191,0.005937486886978149,0.058384597301483154,0.0017779171466827393,157.23672792426777,222.327504771379,146.90630502028088,223.9688132195057,153.10504650574995,227.9116075444518,145.0972399414822,223.98072317922757,146.69533712537455,218.41094896308613,143.78364724440198,189.89383061199266,159.88219288869516,203.23914656896312,159.17543894027773,177.25943748189204,197.30438455407548,197.27490667386667,161.99477253514206,163.00238766017296,189.70940877194224,229.88200008621845,172.79249648731277,149.33285087173903,177.3232626380762,182.8444447141465,167.55532624810562,96.41479134460701,182.5601942806323,166.81402767545453,165.192586906718,58.021169607075414,179.74161254123038,123.26290440856172
0.0,0.0,0.0,0.0,0.0,0.0,0.0,0.0,0.0,0.0,0.0,0.0,0.0,0.0,0.0,0.0,0.0,0.0,0.0,0.0,0.0,0.0,0.0,0.0,0.0,0.0,0.0,0.0,0.0,0.0,0.0,0.0,0.0,0.0,0.0,0.0,0.0,0.0,0.0,0.0,0.0,0.0,0.0,0.0,0.0,0.0,0.0,0.0,0.0,0.0,0.0,0.0
0.0,0.0,0.0,0.0,0.0,0.0,0.0,0.0,0.0,0.0,0.0,0.0,0.0,0.0,0.0,0.0,0.0,0.0,0.0,0.0,0.0,0.0,0.0,0.0,0.0,0.0,0.0,0.0,0.0,0.0,0.0,0.0,0.0,0.0,0.0,0.0,0.0,0.0,0.0,0.0,0.0,0.0,0.0,0.0,0.0,0.0,0.0,0.0,0.0,0.0,0.0,0.0
0.2560131847858429,0.8067142963409424,0.8399550318717957,0.09051477909088135,0.9463475346565247,0.12190592288970947,0.7544381022453308,0.2708996534347534,0.24507933855056763,0.11213663220405579,0.030027061700820923,0.08872649073600769,0.03157836198806763,0.0038029849529266357,0.005520671606063843,0.0020395219326019287,0.0004993975162506104,0.0020383596420288086,95.56636201222737,51.49834664611073,85.94399703025817,43.183956307250185,79.59538579305013,48.12353191902111,71.289096660614,54.41365173389385,75.20984242757162,57.956549057403166,77.55408468882243,78.88895102166511,67.0322337214152,101.45805185986804,134.80257601420084,96.20611755259625,119.7761963589986,119.29040625064404,188.1710866355896,85.12939528490041,176.93877752939858,104.81251218969172,107.89585297266642,166.3669672191917,129.34945185025532,178.16828360805263,135.45771125793456,242.36763413664582,184.0533017349243,250.53285719450417,199.42040280659992,303.07216302574454,219.51483441670734,265.481346262585
0.0,0.0,0.0,0.0,0.0,0.0,0.0,0.0,0.0,0.0,0.0,0.0,0.0,0.0,0.0,0.0,0.0,0.0,0.0,0.0,0.0,0.0,0.0,0.0,0.0,0.0,0.0,0.0,0.0,0.0,0.0,0.0,0.0,0.0,0.0,0.0,0.0,0.0,0.0,0.0,0.0,0.0,0.0,0.0,0.0,0.0,0.0,0.0,0.0,0.0,0.0,0.0
0.0,0.0,0.0,0.0,0.0,0.0,0.0,0.0,0.0,0.0,0.0,0.0,0.0,0.0,0.0,0.0,0.0,0.0,0.0,0.0,0.0,0.0,0.0,0.0,0.0,0.0,0.0,0.0,0.0,0.0,0.0,0.0,0.0,0.0,0.0,0.0,0.0,0.0,0.0,0.0,0.0,0.0,0.0,0.0,0.0,0.0,0.0,0.0,0.0,0.0,0.0,0.0
0.0,0.0,0.0,0.0,0.0,0.0,0.0,0.0,0.0,0.0,0.0,0.0,0.0,0.0,0.0,0.0,0.0,0.0,0.0,0.0,0.0,0.0,0.0,0.0,0.0,0.0,0.0,0.0,0.0,0.0,0.0,0.0,0.0,0.0,0.0,0.0,0.0,0.0,0.0,0.0,0.0,0.0,0.0,0.0,0.0,0.0,0.0,0.0,0.0,0.0,0.0,0.0
0.25352027836967916,0.948028564453125,0.8591604828834534,0.27018314599990845,0.923587441444397,0.012357324361801147,0.02249285578727722,0.4378136694431305,0.5388742089271545,0.13496804237365723,0.012919813394546509,0.009256839752197266,0.0016335546970367432,0.02157384157180786,0.0023490190505981445,0.010535866022109985,0.0029054582118988037,0.10120460391044617,61.2560267288719,25.64202877054191,55.01977217824835,27.413131828022717,51.9768749036287,29.531231069208086,38.20722632887261,42.82687180060104,41.69787539249402,39.0876042278033,39.25820192765961,80.59992962644583,44.9214397959732,88.36468056847627,128.39205173328162,80.21005359373783,80.92685513291062,84.93959897771441,173.2360089315752,73.25611542585187,136.7606107720918,72.65861301945333,106.37782937373841,169.6436532417735,102.59154638263027,170.06397152184846,124.53102148320686,263.61732007262117,113.81104114295192,263.237514162896,152.8327852824088,348.2965788044537,158.77302032908753,356.247041469203
0.0,0.0,0.0,0.0,0.0,0.0,0.0,0.0,0.0,0.0,0.0,0.0,0.0,0.0,0.0,0.0,0.0,0.0,0.0,0.0,0.0,0.0,0.0,0.0,0.0,0.0,0.0,0.0,0.0,0.0,0.0,0.0,0.0,0.0,0.0,0.0,0.0,0.0,0.0,0.0,0.0,0.0,0.0,0.0,0.0,0.0,0.0,0.0,0.0,0.0,0.0,0.0
0.26060323680148406,0.8514790534973145,0.3573763966560364,0.9773048758506775,0.014077842235565186,0.9543991088867188,0.25777149200439453,0.3832114636898041,0.014740079641342163,0.06310677528381348,0.06656262278556824,0.48379582166671753,0.0003015100955963135,0.0005601942539215088,0.00022688508033752441,0.0002454221248626709,0.0032290220260620117,0.001866459846496582,505.79242390887043,527.9607176520337,498.18748247976794,536.3921500219384,492.0140896944472,529.5106746774754,480.06375269659225,523.1371356172607,472.286690698585,514.4732280380083,468.40150925372956,459.3209446090246,457.6546312829076,457.45725825126755,541.8486710903983,437.69998773583757,551.8334351538124,430.88933867336993,557.1768288456148,497.1609338769303,562.9268402242437,510.21226142014433,547.8675411420754,342.0528560644379,517.4508138528666,356.7905343899303,571.5484154949694,333.3523661930364,519.6838912130704,312.9710295345408,633.9869725648401,334.8136824490314,517.0242704727721,325.2269331862142
0.0,0.0,0.0,0.0,0.0,0.0,0.0,0.0,0.0,0.0,0.0,0.0,0.0,0.0,0.0,0.0,0.0,0.0,0.0,0.0,0.0,0.0,0.0,0.0,0.0,0.0,0.0,0.0,0.0,0.0,0.0,0.0,0.0,0.0,0.0,0.0,0.0,0.0,0.0,0.0,0.0,0.0,0.0,0.0,0.0,0.0,0.0,0.0,0.0,0.0,0.0,0.0
0.3438566327095032,0.8179270029067993,0.8756248950958252,0.08221286535263062,0.9552138447761536,0.03952398896217346,0.8353591561317444,0.40876179933547974,0.6162682771682739,0.2966551184654236,0.5602633953094482,0.2033059000968933,0.1094474196434021,0.021952450275421143,0.012532860040664673,0.006100744009017944,0.003435581922531128,0.0009774565696716309,85.46666926052903,29.216710176434894,74.10235330848495,24.882156213674577,78.09756580412078,28.027140145483312,70.53383990272957,40.208254718450526,70.02365527375373,38.43323400688831,78.78544268830451,61.2786646120276,71.78684392741306,73.33536577059735,133.348211970354,68.24889364539546,117.36419917388282,104.20294286470511,173.3584868475563,73.72786545010999,164.78682009049646,74.31850136357608,107.86410563968005,138.63102490514206,129.65349311038003,155.2822185635154,126.71291222844098,166.04861619150762,146.83506970578523,196.20952185462502,139.92195524699946,224.612241302807,160.94492976529608,250.83304540508757
0.3154904509291929,0.918707013130188,0.24703514575958252,0.854826807975769,0.12019526958465576,0.9059523940086365,0.08492320775985718,0.9649669528007507,0.3715638518333435,0.6380174160003662,0.11038872599601746,0.06530338525772095,0.008087992668151855,0.03372570872306824,0.009634971618652344,0.015122205018997192,0.007361471652984619,0.007525146007537842,85.50991807617038,165.56426851089392,83.78004655999653,165.5212165541568,83.52933669494371,159.62282105354268,80.43410349700412,159.5915311069812,79.23869957358151,149.4957389939303,88.96609645778851,132.8793892079154,91.01224756510246,142.06280783744856,113.27949669401525,132.86821122896873,110.38684836888719,132.33257013525667,131.8221432206321,151.37366095505195,136.53489511902052,141.3210247061347,119.8687623011864,99.07123639758699,124.6424415556051,126.23562244372181,114.2017301193065,74.27422272956979,124.77760204487602,133.36458249280682,107.32298419973945,24.850848192549023,157.3828918650999,136.8450032250356
0.0,0.0,0.0,0.0,0.0,0.0,0.0,0.0,0.0,0.0,0.0,0.0,0.0,0.0,0.0,0.0,0.0,0.0,0.0,0.0,0.0,0.0,0.0,0.0,0.0,0.0,0.0,0.0,0.0,0.0,0.0,0.0,0.0,0.0,0.0,0.0,0.0,0.0,0.0,0.0,0.0,0.0,0.0,0.0,0.0,0.0,0.0,0.0,0.0,0.0,0.0,0.0
