score,nose_score,leftEye_score,rightEye_score,leftEar_score,rightEar_score,leftShoulder_score,rightShoulder_score,leftElbow_score,rightElbow_score,leftWrist_score,rightWrist_score,leftHip_score,rightHip_score,leftKnee_score,rightKnee_score,leftAnkle_score,rightAnkle_score,nose_y,nose_x,leftEye_y,leftEye_x,rightEye_y,rightEye_x,leftEar_y,leftEar_x,rightEar_y,rightEar_x,leftShoulder_y,leftShoulder_x,rightShoulder_y,rightShoulder_x,leftElbow_y,leftElbow_x,rightElbow_y,rightElbow_x,leftWrist_y,leftWrist_x,rightWrist_y,rightWrist_x,leftHip_y,leftHip_x,rightHip_y,rightHip_x,leftKnee_y,leftKnee_x,rightKnee_y,rightKnee_x,leftAnkle_y,leftAnkle_x,rightAnkle_y,rightAnkle_x
0.0,0.0,0.0,0.0,0.0,0.0,0.0,0.0,0.0,0.0,0.0,0.0,0.0,0.0,0.0,0.0,0.0,0.0,0.0,0.0,0.0,0.0,0.0,0.0,0.0,0.0,0.0,0.0,0.0,0.0,0.0,0.0,0.0,0.0,0.0,0.0,0.0,0.0,0.0,0.0,0.0,0.0,0.0,0.0,0.0,0.0,0.0,0.0,0.0,0.0,0.0,0.0
0.0,0.0,0.0,0.0,0.0,0.0,0.0,0.0,0.0,0.0,0.0,0.0,0.0,0.0,0.0,0.0,0.0,0.0,0.0,0.0,0.0,0.0,0.0,0.0,0.0,0.0,0.0,0.0,0.0,0.0,0.0,0.0,0.0,0.0,0.0,0.0,0.0,0.0,0.0,0.0,0.0,0.0,0.0,0.0,0.0,0.0,0.0,0.0,0.0,0.0,0.0,0.0
0.0,0.0,0.0,0.0,0.0,0.0,0.0,0.0,0.0,0.0,0.0,0.0,0.0,0.0,0.0,0.0,0.0,0.0,0.0,0.0,0.0,0.0,0.0,0.0,0.0,0.0,0.0,0.0,0.0,0.0,0.0,0.0,0.0,0.0,0.0,0.0,0.0,0.0,0.0,0.0,0.0,0.0,0.0,0.0,0.0,0.0,0.0,0.0,0.0,0.0,0.0,0.0
0.0,0.0,0.0,0.0,0.0,0.0,0.0,0.0,0.0,0.0,0.0,0.0,0.0,0.0,0.0,0.0,0.0,0.0,0.0,0.0,0.0,0.0,0.0,0.0,0.0,0.0,0.0,0.0,0.0,0.0,0.0,0.0,0.0,0.0,0.0,0.0,0.0,0.0,0.0,0.0,0.0,0.0,0.0,0.0,0.0,0.0,0.0,0.0,0.0,0.0,0.0,0.0
0.28291255936903115,0.7696582078933716,0.7411075830459595,0.8619551062583923,0.39614537358283997,0.06562113761901855,0.0025708377361297607,0.30311381816864014,0.7295616269111633,0.05733385682106018,0.753318190574646,0.10181242227554321,0.0076178014278411865,0.0060353875160217285,0.0024334490299224854,0.006371289491653442,0.002417266368865967,0.002440154552459717,226.97520252424206,56.02970603895286,217.2404083934257,50.163216021353385,238.7719599044097,40.62872990154179,208.95934453307777,67.21365543413063,250.8616304513885,37.517958483428316,219.0784157647027,96.19597422339315,283.10732336096004,96.86014933596033,130.69745249541472,136.81336498260495,289.0543822415153,103.96803655247678,63.30396147213655,138.99198667720546,344.395607144529,92.04478452210614,334.27911516256773,196.99028008395567,323.2369356594758,201.05277921157167,374.1535054002674,251.1807145893945,378.8950923438964,223.78769197979486,373.6290903840931,257.89429312151333,376.4776206236222,222.02905658178665
0.0,0.0,0.0,0.0,0.0,0.0,0.0,0.0,0.0,0.0,0.0,0.0,0.0,0.0,0.0,0.0,0.0,0.0,0.0,0.0,0.0,0.0,0.0,0.0,0.0,0.0,0.0,0.0,0.0,0.0,0.0,0.0,0.0,0.0,0.0,0.0,0.0,0.0,0.0,0.0,0.0,0.0,0.0,0.0,0.0,0.0,0.0,0.0,0.0,0.0,0.0,0.0
0.31445568799972534,0.5192063450813293,0.648070216178894,0.5978600978851318,0.49207308888435364,0.261941134929657,0.35098394751548767,0.8931913375854492,0.09807935357093811,0.5794887542724609,0.2794050872325897,0.04261520504951477,0.3460121154785156,0.15957951545715332,0.027096092700958252,0.005880028009414673,0.025082170963287354,0.019182205200195312,104.1828914146639,161.5026676048667,104.59614571878467,167.87678085478015,104.26747382697414,167.64997020279623,96.25231907192598,174.39128093126806,90.51618495229948,164.11788881161795,114.3675729783915,164.8172521321787,95.64912179095597,146.1067946482513,137.51176726346637,153.44520718364393,113.64831676590916,107.13069434893335,170.303129765947,155.02067867477064,150.36219666906672,51.72875668369444,120.4237111039081,136.4221272495507,118.43451257479394,101.27041008512853,158.67759798879678,126.65227523631296,132.30043357374979,68.788311952925,170.94835874051026,83.30668336254055,169.00401896676104,32.75651295979818
0.25608572889776793,0.9129931926727295,0.6049961447715759,0.06996810436248779,0.3164551854133606,0.0873907208442688,0.6615020632743835,0.02395576238632202,0.05542019009590149,0.004821479320526123,0.004198610782623291,0.4796292781829834,0.002254664897918701,0.001784682273864746,0.00026664137840270996,0.5478135943412781,0.00011610984802246094,0.5798909664154053,184.57179168497268,386.40511561608264,191.37213718864595,402.28797878613716,181.0889076963565,391.214545245691,215.1251513644688,404.3042936516233,189.90963548010336,379.19517109282566,252.69453372403083,364.192225906525,209.2478679835398,350.87493603372894,310.6954109174903,348.71919731785835,167.02227538518758,317.5353641977289,349.9583983389466,354.11245690156727,68.46168331154736,318.93586649395576,318.58060773072106,231.08625259059576,269.5650523808061,343.9290194946833,394.7962319558872,167.0838088394539,349.82760655800325,351.33599355650904,433.37892786378586,143.53437791157407,409.0084419505368,355.7091846338625
0.26044456923709197,0.8975474834442139,0.8574612140655518,0.7244921922683716,0.3791465759277344,0.23446083068847656,0.5290886163711548,0.3821324110031128,0.13752171397209167,0.003690391778945923,0.12403976917266846,0.14271005988121033,0.0034579336643218994,0.0029510557651519775,0.00770878791809082,0.00035691261291503906,0.0004215836524963379,0.0003701448440551758,201.46960955308262,206.3502034995493,196.978219511503,204.30425987825646,210.7472464301045,194.393979309336,190.667871319445,220.7922663272006,228.07900166630446,188.3347460234876,187.02884727344846,250.67238367215606,257.8325548766557,238.56496271247175,113.32836104509539,274.57103533486884,305.181556007214,255.27206526715284,48.160104166539824,257.8468973527504,391.470380346674,242.2260558489457,269.72547556337275,307.10703464883704,287.22271762524457,323.0403884273958,333.15592210726845,393.69305318337706,356.3526263016455,392.95314360260136,399.4569316897309,435.5006825080692,399.3904636078642,435.8402729960321
