score,nose_score,leftEye_score,rightEye_score,leftEar_score,rightEar_score,leftShoulder_score,rightShoulder_score,leftElbow_score,rightElbow_score,leftWrist_score,rightWrist_score,leftHip_score,rightHip_score,leftKnee_score,rightKnee_score,leftAnkle_score,rightAnkle_score,nose_y,nose_x,leftEye_y,leftEye_x,rightEye_y,rightEye_x,leftEar_y,leftEar_x,rightEar_y,rightEar_x,leftShoulder_y,leftShoulder_x,rightShoulder_y,rightShoulder_x,leftElbow_y,leftElbow_x,rightElbow_y,rightElbow_x,leftWrist_y,leftWrist_x,rightWrist_y,rightWrist_x,leftHip_y,leftHip_x,rightHip_y,rightHip_x,leftKnee_y,leftKnee_x,rightKnee_y,rightKnee_x,leftAnkle_y,leftAnkle_x,rightAnkle_y,rightAnkle_x
0.0,0.0,0.0,0.0,0.0,0.0,0.0,0.0,0.0,0.0,0.0,0.0,0.0,0.0,0.0,0.0,0.0,0.0,0.0,0.0,0.0,0.0,0.0,0.0,0.0,0.0,0.0,0.0,0.0,0.0,0.0,0.0,0.0,0.0,0.0,0.0,0.0,0.0,0.0,0.0,0.0,0.0,0.0,0.0,0.0,0.0,0.0,0.0,0.0,0.0,0.0,0.0
0.0,0.0,0.0,0.0,0.0,0.0,0.0,0.0,0.0,0.0,0.0,0.0,0.0,0.0,0.0,0.0,0.0,0.0,0.0,0.0,0.0,0.0,0.0,0.0,0.0,0.0,0.0,0.0,0.0,0.0,0.0,0.0,0.0,0.0,0.0,0.0,0.0,0.0,0.0,0.0,0.0,0.0,0.0,0.0,0.0,0.0,0.0,0.0,0.0,0.0,0.0,0.0
0.0,0.0,0.0,0.0,0.0,0.0,0.0,0.0,0.0,0.0,0.0,0.0,0.0,0.0,0.0,0.0,0.0,0.0,0.0,0.0,0.0,0.0,0.0,0.0,0.0,0.0,0.0,0.0,0.0,0.0,0.0,0.0,0.0,0.0,0.0,0.0,0.0,0.0,0.0,0.0,0.0,0.0,0.0,0.0,0.0,0.0,0.0,0.0,0.0,0.0,0.0,0.0
0.0,0.0,0.0,0.0,0.0,0.0,0.0,0.0,0.0,0.0,0.0,0.0,0.0,0.0,0.0,0.0,0.0,0.0,0.0,0.0,0.0,0.0,0.0,0.0,0.0,0.0,0.0,0.0,0.0,0.0,0.0,0.0,0.0,0.0,0.0,0.0,0.0,0.0,0.0,0.0,0.0,0.0,0.0,0.0,0.0,0.0,0.0,0.0,0.0,0.0,0.0,0.0
0.0,0.0,0.0,0.0,0.0,0.0,0.0,0.0,0.0,0.0,0.0,0.0,0.0,0.0,0.0,0.0,0.0,0.0,0.0,0.0,0.0,0.0,0.0,0.0,0.0,0.0,0.0,0.0,0.0,0.0,0.0,0.0,0.0,0.0,0.0,0.0,0.0,0.0,0.0,0.0,0.0,0.0,0.0,0.0,0.0,0.0,0.0,0.0,0.0,0.0,0.0,0.0
0.0,0.0,0.0,0.0,0.0,0.0,0.0,0.0,0.0,0.0,0.0,0.0,0.0,0.0,0.0,0.0,0.0,0.0,0.0,0.0,0.0,0.0,0.0,0.0,0.0,0.0,0.0,0.0,0.0,0.0,0.0,0.0,0.0,0.0,0.0,0.0,0.0,0.0,0.0,0.0,0.0,0.0,0.0,0.0,0.0,0.0,0.0,0.0,0.0,0.0,0.0,0.0
0.0,0.0,0.0,0.0,0.0,0.0,0.0,0.0,0.0,0.0,0.0,0.0,0.0,0.0,0.0,0.0,0.0,0.0,0.0,0.0,0.0,0.0,0.0,0.0,0.0,0.0,0.0,0.0,0.0,0.0,0.0,0.0,0.0,0.0,0.0,0.0,0.0,0.0,0.0,0.0,0.0,0.0,0.0,0.0,0.0,0.0,0.0,0.0,0.0,0.0,0.0,0.0
0.2561057472930235,0.7668761014938354,0.6572040319442749,0.4620521366596222,0.5670535564422607,0.22863119840621948,0.25808626413345337,0.5059120059013367,0.13928502798080444,0.0975094735622406,0.5494497418403625,0.04030457139015198,0.011950820684432983,0.05733850598335266,0.0009019076824188232,0.0031138956546783447,0.0020623207092285156,0.00606614351272583,236.58566040557318,236.40203815625839,223.0724116072623,230.61513375071368,234.82491257249114,224.07644509945666,212.97497932105128,247.48040984411253,234.22458668222407,229.8631746943641,187.9949412568906,285.41970560314536,259.2957462367077,259.33401296711355,129.06958784637578,289.56867267189386,312.43815711346394,282.99150311639545,67.70305078757102,282.8442487496696,393.5186557102044,280.1223808907104,259.64982267265066,387.20127685422653,262.9093666713859,375.47425046219433,335.83330911517413,378.49609434523774,338.3500108421513,354.5894448113409,394.473433439344,342.6568216999318,393.1234598881949,308.02756766289514
0.0,0.0,0.0,0.0,0.0,0.0,0.0,0.0,0.0,0.0,0.0,0.0,0.0,0.0,0.0,0.0,0.0,0.0,0.0,0.0,0.0,0.0,0.0,0.0,0.0,0.0,0.0,0.0,0.0,0.0,0.0,0.0,0.0,0.0,0.0,0.0,0.0,0.0,0.0,0.0,0.0,0.0,0.0,0.0,0.0,0.0,0.0,0.0,0.0,0.0,0.0,0.0
0.0,0.0,0.0,0.0,0.0,0.0,0.0,0.0,0.0,0.0,0.0,0.0,0.0,0.0,0.0,0.0,0.0,0.0,0.0,0.0,0.0,0.0,0.0,0.0,0.0,0.0,0.0,0.0,0.0,0.0,0.0,0.0,0.0,0.0,0.0,0.0,0.0,0.0,0.0,0.0,0.0,0.0,0.0,0.0,0.0,0.0,0.0,0.0,0.0,0.0,0.0,0.0
0.0,0.0,0.0,0.0,0.0,0.0,0.0,0.0,0.0,0.0,0.0,0.0,0.0,0.0,0.0,0.0,0.0,0.0,0.0,0.0,0.0,0.0,0.0,0.0,0.0,0.0,0.0,0.0,0.0,0.0,0.0,0.0,0.0,0.0,0.0,0.0,0.0,0.0,0.0,0.0,0.0,0.0,0.0,0.0,0.0,0.0,0.0,0.0,0.0,0.0,0.0,0.0
0.0,0.0,0.0,0.0,0.0,0.0,0.0,0.0,0.0,0.0,0.0,0.0,0.0,0.0,0.0,0.0,0.0,0.0,0.0,0.0,0.0,0.0,0.0,0.0,0.0,0.0,0.0,0.0,0.0,0.0,0.0,0.0,0.0,0.0,0.0,0.0,0.0,0.0,0.0,0.0,0.0,0.0,0.0,0.0,0.0,0.0,0.0,0.0,0.0,0.0,0.0,0.0
0.0,0.0,0.0,0.0,0.0,0.0,0.0,0.0,0.0,0.0,0.0,0.0,0.0,0.0,0.0,0.0,0.0,0.0,0.0,0.0,0.0,0.0,0.0,0.0,0.0,0.0,0.0,0.0,0.0,0.0,0.0,0.0,0.0,0.0,0.0,0.0,0.0,0.0,0.0,0.0,0.0,0.0,0.0,0.0,0.0,0.0,0.0,0.0,0.0,0.0,0.0,0.0
0.0,0.0,0.0,0.0,0.0,0.0,0.0,0.0,0.0,0.0,0.0,0.0,0.0,0.0,0.0,0.0,0.0,0.0,0.0,0.0,0.0,0.0,0.0,0.0,0.0,0.0,0.0,0.0,0.0,0.0,0.0,0.0,0.0,0.0,0.0,0.0,0.0,0.0,0.0,0.0,0.0,0.0,0.0,0.0,0.0,0.0,0.0,0.0,0.0,0.0,0.0,0.0
0.0,0.0,0.0,0.0,0.0,0.0,0.0,0.0,0.0,0.0,0.0,0.0,0.0,0.0,0.0,0.0,0.0,0.0,0.0,0.0,0.0,0.0,0.0,0.0,0.0,0.0,0.0,0.0,0.0,0.0,0.0,0.0,0.0,0.0,0.0,0.0,0.0,0.0,0.0,0.0,0.0,0.0,0.0,0.0,0.0,0.0,0.0,0.0,0.0,0.0,0.0,0.0
0.6834547817707062,0.7830567359924316,0.7468567490577698,0.7068418860435486,0.35850033164024353,0.3676522374153137,0.6781857013702393,0.9293526411056519,0.783435583114624,0.8261634707450867,0.43189185857772827,0.7313117384910583,0.9664899110794067,0.5129131078720093,0.7902740240097046,0.9016338586807251,0.4416229724884033,0.6625484824180603,27.597483839779475,354.6832349854586,21.940738686788443,354.0495307136809,22.255110090929698,350.9621078622136,25.267209852540194,359.8250559265267,26.927746515075828,354.8467273831181,37.50976932516825,361.26084707084567,35.869215575431845,347.4897179328335,47.68431439961353,365.2847615865389,47.163187405804294,342.1396783473153,48.555367968924884,368.0222178398168,45.76636263735025,344.47585918974016,65.3628761113103,359.72335072649804,64.96793945171542,346.8091424653385,92.32784465058572,370.57280798970066,88.62978545402545,338.9358747303021,110.78542967040876,385.26151808859214,108.10006619600998,322.6071587311868
0.2990895457127515,0.7999975681304932,0.538581907749176,0.44760146737098694,0.5050573348999023,0.07799631357192993,0.3901084065437317,0.26768168807029724,0.2962874174118042,0.4453068971633911,0.39769142866134644,0.46494725346565247,0.24626395106315613,0.04646018147468567,0.050985127687454224,0.04619413614273071,0.04339435696601868,0.019966840744018555,96.50173572497181,56.93796206328829,91.43449293018061,43.73891668804622,96.56351762976351,48.1177246099138,86.66570404155107,52.159163578081944,93.26540984676383,47.33074867119224,81.11913066799359,57.07228719851392,105.45968272591716,67.8855522069554,95.70734934618245,68.02183328375305,129.1682833062727,64.05734266938464,156.6557745206154,59.982362790296314,162.5435407552342,57.25299598133497,100.95446710532669,108.73552438229491,118.30046691463492,102.07402873847445,130.33540496718413,123.53543211511301,133.59223464114518,101.83851750557032,170.2470994938565,153.74989924457788,160.70792394842806,86.38590176900229
0.0,0.0,0.0,0.0,0.0,0.0,0.0,0.0,0.0,0.0,0.0,0.0,0.0,0.0,0.0,0.0,0.0,0.0,0.0,0.0,0.0,0.0,0.0,0.0,0.0,0.0,0.0,0.0,0.0,0.0,0.0,0.0,0.0,0.0,0.0,0.0,0.0,0.0,0.0,0.0,0.0,0.0,0.0,0.0,0.0,0.0,0.0,0.0,0.0,0.0,0.0,0.0
0.2533134151907528,0.31432753801345825,0.15068405866622925,0.08270856738090515,0.22032496333122253,0.09434518218040466,4.100799560546875e-05,0.5579309463500977,0.024609297513961792,0.03257516026496887,0.03371265530586243,0.006374657154083252,0.2931574583053589,0.031153470277786255,0.8924828767776489,0.1769905388355255,0.857778787612915,0.5371308922767639,125.50925468612505,105.82212218277748,124.82026389404969,97.46918971840141,130.41935645354974,97.38439558257016,127.57863862173899,100.24113450690712,133.39300275372935,101.5689359866172,116.09701621925439,155.0747753047257,139.44023432050435,133.9247235863043,151.08096225969086,151.41584781719914,154.72378944564653,153.82307010303015,184.9644703079056,140.8707523231598,192.8902966635568,144.1526598495831,113.0615973524995,213.42040914997497,124.75023705618723,201.32346064638463,192.40566681243564,185.615422113908,181.95158641940947,242.56117000854275,255.18021267063017,168.7312009523241,244.85474089737778,275.9733754024803
0.0,0.0,0.0,0.0,0.0,0.0,0.0,0.0,0.0,0.0,0.0,0.0,0.0,0.0,0.0,0.0,0.0,0.0,0.0,0.0,0.0,0.0,0.0,0.0,0.0,0.0,0.0,0.0,0.0,0.0,0.0,0.0,0.0,0.0,0.0,0.0,0.0,0.0,0.0,0.0,0.0,0.0,0.0,0.0,0.0,0.0,0.0,0.0,0.0,0.0,0.0,0.0
0.0,0.0,0.0,0.0,0.0,0.0,0.0,0.0,0.0,0.0,0.0,0.0,0.0,0.0,0.0,0.0,0.0,0.0,0.0,0.0,0.0,0.0,0.0,0.0,0.0,0.0,0.0,0.0,0.0,0.0,0.0,0.0,0.0,0.0,0.0,0.0,0.0,0.0,0.0,0.0,0.0,0.0,0.0,0.0,0.0,0.0,0.0,0.0,0.0,0.0,0.0,0.0
0.0,0.0,0.0,0.0,0.0,0.0,0.0,0.0,0.0,0.0,0.0,0.0,0.0,0.0,0.0,0.0,0.0,0.0,0.0,0.0,0.0,0.0,0.0,0.0,0.0,0.0,0.0,0.0,0.0,0.0,0.0,0.0,0.0,0.0,0.0,0.0,0.0,0.0,0.0,0.0,0.0,0.0,0.0,0.0,0.0,0.0,0.0,0.0,0.0,0.0,0.0,0.0
0.0,0.0,0.0,0.0,0.0,0.0,0.0,0.0,0.0,0.0,0.0,0.0,0.0,0.0,0.0,0.0,0.0,0.0,0.0,0.0,0.0,0.0,0.0,0.0,0.0,0.0,0.0,0.0,0.0,0.0,0.0,0.0,0.0,0.0,0.0,0.0,0.0,0.0,0.0,0.0,0.0,0.0,0.0,0.0,0.0,0.0,0.0,0.0,0.0,0.0,0.0,0.0
0.2590934108285343,0.9028302431106567,0.8821483850479126,0.5107012987136841,0.7055912017822266,0.10262086987495422,0.007781684398651123,0.29886358976364136,0.0030296742916107178,0.0015279054641723633,0.5932323932647705,0.02811780571937561,0.0057936012744903564,0.010586380958557129,0.0020180344581604004,0.00026357173919677734,0.349201500415802,0.000279843807220459,262.069987804395,462.9603820062837,267.37439612330587,475.5219874627505,259.3664398431406,461.7002911500738,290.49592040444315,475.4569307467123,267.2820387913173,452.2874576848308,345.005874990859,437.1241510304944,295.9275044219542,423.63788384543193,415.354613305626,424.7649413300751,279.62010804650936,388.7940338658468,490.30829704867887,418.26080155632985,178.86350825126755,398.1844745225356,372.1704320565401,336.14669918828,370.1108402246246,305.34295092506824,462.3929247208951,345.42512652654545,470.96339185598674,279.91052684099554,562.814684553935,397.80222352692937,556.241708121694,266.9737831627523
0.0,0.0,0.0,0.0,0.0,0.0,0.0,0.0,0.0,0.0,0.0,0.0,0.0,0.0,0.0,0.0,0.0,0.0,0.0,0.0,0.0,0.0,0.0,0.0,0.0,0.0,0.0,0.0,0.0,0.0,0.0,0.0,0.0,0.0,0.0,0.0,0.0,0.0,0.0,0.0,0.0,0.0,0.0,0.0,0.0,0.0,0.0,0.0,0.0,0.0,0.0,0.0
0.0,0.0,0.0,0.0,0.0,0.0,0.0,0.0,0.0,0.0,0.0,0.0,0.0,0.0,0.0,0.0,0.0,0.0,0.0,0.0,0.0,0.0,0.0,0.0,0.0,0.0,0.0,0.0,0.0,0.0,0.0,0.0,0.0,0.0,0.0,0.0,0.0,0.0,0.0,0.0,0.0,0.0,0.0,0.0,0.0,0.0,0.0,0.0,0.0,0.0,0.0,0.0
0.0,0.0,0.0,0.0,0.0,0.0,0.0,0.0,0.0,0.0,0.0,0.0,0.0,0.0,0.0,0.0,0.0,0.0,0.0,0.0,0.0,0.0,0.0,0.0,0.0,0.0,0.0,0.0,0.0,0.0,0.0,0.0,0.0,0.0,0.0,0.0,0.0,0.0,0.0,0.0,0.0,0.0,0.0,0.0,0.0,0.0,0.0,0.0,0.0,0.0,0.0,0.0
0.0,0.0,0.0,0.0,0.0,0.0,0.0,0.0,0.0,0.0,0.0,0.0,0.0,0.0,0.0,0.0,0.0,0.0,0.0,0.0,0.0,0.0,0.0,0.0,0.0,0.0,0.0,0.0,0.0,0.0,0.0,0.0,0.0,0.0,0.0,0.0,0.0,0.0,0.0,0.0,0.0,0.0,0.0,0.0,0.0,0.0,0.0,0.0,0.0,0.0,0.0,0.0
0.0,0.0,0.0,0.0,0.0,0.0,0.0,0.0,0.0,0.0,0.0,0.0,0.0,0.0,0.0,0.0,0.0,0.0,0.0,0.0,0.0,0.0,0.0,0.0,0.0,0.0,0.0,0.0,0.0,0.0,0.0,0.0,0.0,0.0,0.0,0.0,0.0,0.0,0.0,0.0,0.0,0.0,0.0,0.0,0.0,0.0,0.0,0.0,0.0,0.0,0.0,0.0
0.0,0.0,0.0,0.0,0.0,0.0,0.0,0.0,0.0,0.0,0.0,0.0,0.0,0.0,0.0,0.0,0.0,0.0,0.0,0.0,0.0,0.0,0.0,0.0,0.0,0.0,0.0,0.0,0.0,0.0,0.0,0.0,0.0,0.0,0.0,0.0,0.0,0.0,0.0,0.0,0.0,0.0,0.0,0.0,0.0,0.0,0.0,0.0,0.0,0.0,0.0,0.0
0.0,0.0,0.0,0.0,0.0,0.0,0.0,0.0,0.0,0.0,0.0,0.0,0.0,0.0,0.0,0.0,0.0,0.0,0.0,0.0,0.0,0.0,0.0,0.0,0.0,0.0,0.0,0.0,0.0,0.0,0.0,0.0,0.0,0.0,0.0,0.0,0.0,0.0,0.0,0.0,0.0,0.0,0.0,0.0,0.0,0.0,0.0,0.0,0.0,0.0,0.0,0.0
0.0,0.0,0.0,0.0,0.0,0.0,0.0,0.0,0.0,0.0,0.0,0.0,0.0,0.0,0.0,0.0,0.0,0.0,0.0,0.0,0.0,0.0,0.0,0.0,0.0,0.0,0.0,0.0,0.0,0.0,0.0,0.0,0.0,0.0,0.0,0.0,0.0,0.0,0.0,0.0,0.0,0.0,0.0,0.0,0.0,0.0,0.0,0.0,0.0,0.0,0.0,0.0
0.2676566278233248,0.0010894834995269775,0.792269229888916,0.3932589888572693,0.7319761514663696,0.07006999850273132,0.13194051384925842,0.005788713693618774,0.003147423267364502,0.030695348978042603,0.0008755624294281006,0.03280586004257202,0.07452064752578735,0.10685056447982788,0.4395277500152588,0.26031190156936646,0.550674557685852,0.9243599772453308,149.73824891589936,140.99319248722676,147.51385180155438,123.74542883209458,155.49759701320104,118.25953742809725,139.7205791019258,124.34283777365364,156.36466498602005,116.01875761797898,127.14503179277693,161.37023982859014,129.45599183582124,138.228902079518,131.85592585518248,203.70321678104546,160.67647834051223,150.29361087485145,182.03013524555027,205.30386565629385,196.44338539668493,138.27955050955984,145.25589734032042,222.51373062704567,150.06928059600648,166.05909875503502,199.3574150630406,263.49332814204723,197.70178340730214,146.17662596286385,249.42951897212438,305.152191009902,254.0382773308527,153.90567494152194
0.0,0.0,0.0,0.0,0.0,0.0,0.0,0.0,0.0,0.0,0.0,0.0,0.0,0.0,0.0,0.0,0.0,0.0,0.0,0.0,0.0,0.0,0.0,0.0,0.0,0.0,0.0,0.0,0.0,0.0,0.0,0.0,0.0,0.0,0.0,0.0,0.0,0.0,0.0,0.0,0.0,0.0,0.0,0.0,0.0,0.0,0.0,0.0,0.0,0.0,0.0,0.0
0.0,0.0,0.0,0.0,0.0,0.0,0.0,0.0,0.0,0.0,0.0,0.0,0.0,0.0,0.0,0.0,0.0,0.0,0.0,0.0,0.0,0.0,0.0,0.0,0.0,0.0,0.0,0.0,0.0,0.0,0.0,0.0,0.0,0.0,0.0,0.0,0.0,0.0,0.0,0.0,0.0,0.0,0.0,0.0,0.0,0.0,0.0,0.0,0.0,0.0,0.0,0.0
0.0,0.0,0.0,0.0,0.0,0.0,0.0,0.0,0.0,0.0,0.0,0.0,0.0,0.0,0.0,0.0,0.0,0.0,0.0,0.0,0.0,0.0,0.0,0.0,0.0,0.0,0.0,0.0,0.0,0.0,0.0,0.0,0.0,0.0,0.0,0.0,0.0,0.0,0.0,0.0,0.0,0.0,0.0,0.0,0.0,0.0,0.0,0.0,0.0,0.0,0.0,0.0
0.0,0.0,0.0,0.0,0.0,0.0,0.0,0.0,0.0,0.0,0.0,0.0,0.0,0.0,0.0,0.0,0.0,0.0,0.0,0.0,0.0,0.0,0.0,0.0,0.0,0.0,0.0,0.0,0.0,0.0,0.0,0.0,0.0,0.0,0.0,0.0,0.0,0.0,0.0,0.0,0.0,0.0,0.0,0.0,0.0,0.0,0.0,0.0,0.0,0.0,0.0,0.0
0.2781400137087878,0.6544564962387085,0.5204516649246216,0.06510093808174133,0.7226641774177551,0.12166222929954529,0.121165931224823,0.3551449179649353,0.013868719339370728,0.03858169913291931,0.48729878664016724,0.4683445692062378,0.20197650790214539,0.0005495846271514893,0.07869553565979004,0.002466350793838501,0.4140191078186035,0.4619330167770386,244.0856520401534,82.02998266446484,239.8466568977602,73.34251831688583,260.12683129413153,75.53349107238589,237.1022534421695,80.14778423592315,253.44064752517207,83.25951243720351,214.56536127726235,118.1828383946631,271.9041241727849,116.2367464059892,172.8981392655321,129.471312072935,319.34891055425004,119.3435394105996,121.27810999757499,110.66540669404434,375.1626518316166,119.55628791831721,260.14721729986127,197.76526644675596,289.3267970628636,209.45256782780768,331.78656182545484,247.53505351352408,343.9899213888312,247.74003605602047,395.12149133989885,284.5091298270296,397.13809479231475,286.43652509015817
0.0,0.0,0.0,0.0,0.0,0.0,0.0,0.0,0.0,0.0,0.0,0.0,0.0,0.0,0.0,0.0,0.0,0.0,0.0,0.0,0.0,0.0,0.0,0.0,0.0,0.0,0.0,0.0,0.0,0.0,0.0,0.0,0.0,0.0,0.0,0.0,0.0,0.0,0.0,0.0,0.0,0.0,0.0,0.0,0.0,0.0,0.0,0.0,0.0,0.0,0.0,0.0
0.0,0.0,0.0,0.0,0.0,0.0,0.0,0.0,0.0,0.0,0.0,0.0,0.0,0.0,0.0,0.0,0.0,0.0,0.0,0.0,0.0,0.0,0.0,0.0,0.0,0.0,0.0,0.0,0.0,0.0,0.0,0.0,0.0,0.0,0.0,0.0,0.0,0.0,0.0,0.0,0.0,0.0,0.0,0.0,0.0,0.0,0.0,0.0,0.0,0.0,0.0,0.0
0.0,0.0,0.0,0.0,0.0,0.0,0.0,0.0,0.0,0.0,0.0,0.0,0.0,0.0,0.0,0.0,0.0,0.0,0.0,0.0,0.0,0.0,0.0,0.0,0.0,0.0,0.0,0.0,0.0,0.0,0.0,0.0,0.0,0.0,0.0,0.0,0.0,0.0,0.0,0.0,0.0,0.0,0.0,0.0,0.0,0.0,0.0,0.0,0.0,0.0,0.0,0.0
0.0,0.0,0.0,0.0,0.0,0.0,0.0,0.0,0.0,0.0,0.0,0.0,0.0,0.0,0.0,0.0,0.0,0.0,0.0,0.0,0.0,0.0,0.0,0.0,0.0,0.0,0.0,0.0,0.0,0.0,0.0,0.0,0.0,0.0,0.0,0.0,0.0,0.0,0.0,0.0,0.0,0.0,0.0,0.0,0.0,0.0,0.0,0.0,0.0,0.0,0.0,0.0
0.0,0.0,0.0,0.0,0.0,0.0,0.0,0.0,0.0,0.0,0.0,0.0,0.0,0.0,0.0,0.0,0.0,0.0,0.0,0.0,0.0,0.0,0.0,0.0,0.0,0.0,0.0,0.0,0.0,0.0,0.0,0.0,0.0,0.0,0.0,0.0,0.0,0.0,0.0,0.0,0.0,0.0,0.0,0.0,0.0,0.0,0.0,0.0,0.0,0.0,0.0,0.0
0.0,0.0,0.0,0.0,0.0,0.0,0.0,0.0,0.0,0.0,0.0,0.0,0.0,0.0,0.0,0.0,0.0,0.0,0.0,0.0,0.0,0.0,0.0,0.0,0.0,0.0,0.0,0.0,0.0,0.0,0.0,0.0,0.0,0.0,0.0,0.0,0.0,0.0,0.0,0.0,0.0,0.0,0.0,0.0,0.0,0.0,0.0,0.0,0.0,0.0,0.0,0.0
0.0,0.0,0.0,0.0,0.0,0.0,0.0,0.0,0.0,0.0,0.0,0.0,0.0,0.0,0.0,0.0,0.0,0.0,0.0,0.0,0.0,0.0,0.0,0.0,0.0,0.0,0.0,0.0,0.0,0.0,0.0,0.0,0.0,0.0,0.0,0.0,0.0,0.0,0.0,0.0,0.0,0.0,0.0,0.0,0.0,0.0,0.0,0.0,0.0,0.0,0.0,0.0
0.0,0.0,0.0,0.0,0.0,0.0,0.0,0.0,0.0,0.0,0.0,0.0,0.0,0.0,0.0,0.0,0.0,0.0,0.0,0.0,0.0,0.0,0.0,0.0,0.0,0.0,0.0,0.0,0.0,0.0,0.0,0.0,0.0,0.0,0.0,0.0,0.0,0.0,0.0,0.0,0.0,0.0,0.0,0.0,0.0,0.0,0.0,0.0,0.0,0.0,0.0,0.0
0.0,0.0,0.0,0.0,0.0,0.0,0.0,0.0,0.0,0.0,0.0,0.0,0.0,0.0,0.0,0.0,0.0,0.0,0.0,0.0,0.0,0.0,0.0,0.0,0.0,0.0,0.0,0.0,0.0,0.0,0.0,0.0,0.0,0.0,0.0,0.0,0.0,0.0,0.0,0.0,0.0,0.0,0.0,0.0,0.0,0.0,0.0,0.0,0.0,0.0,0.0,0.0
0.0,0.0,0.0,0.0,0.0,0.0,0.0,0.0,0.0,0.0,0.0,0.0,0.0,0.0,0.0,0.0,0.0,0.0,0.0,0.0,0.0,0.0,0.0,0.0,0.0,0.0,0.0,0.0,0.0,0.0,0.0,0.0,0.0,0.0,0.0,0.0,0.0,0.0,0.0,0.0,0.0,0.0,0.0,0.0,0.0,0.0,0.0,0.0,0.0,0.0,0.0,0.0
0.28516491546350364,0.028570473194122314,0.32179731130599976,0.38712412118911743,0.05767416954040527,0.6860060691833496,0.0012427568435668945,0.560671329498291,0.5012257695198059,0.0038095414638519287,0.603545069694519,0.003478497266769409,0.38946622610092163,0.6551181077957153,0.13169008493423462,0.005480974912643433,0.487152636051178,0.0237504243850708,264.3519589712005,429.4204776242853,287.3587587430546,454.0789191678644,256.0045342019195,456.60818576008637,292.58760975746037,449.2691536174858,243.74616903961208,436.0834953957826,244.79842933796309,374.2261864081603,247.1469538207802,385.38201808125336,152.89038293076206,378.0052648225884,206.02789005581886,351.0991329688447,79.50501498243258,390.5942627390561,160.2287524064114,371.1111345339384,316.37106858457724,296.00299076125356,304.48154036150413,262.85905114313806,415.65970602566233,362.9250975121535,394.9630824148554,217.32965440412397,476.22408328128705,406.26729829315394,491.5581048640594,138.31400557674002
0.0,0.0,0.0,0.0,0.0,0.0,0.0,0.0,0.0,0.0,0.0,0.0,0.0,0.0,0.0,0.0,0.0,0.0,0.0,0.0,0.0,0.0,0.0,0.0,0.0,0.0,0.0,0.0,0.0,0.0,0.0,0.0,0.0,0.0,0.0,0.0,0.0,0.0,0.0,0.0,0.0,0.0,0.0,0.0,0.0,0.0,0.0,0.0,0.0,0.0,0.0,0.0
0.25933318103061004,0.4375540614128113,0.41644495725631714,0.3345750868320465,0.4212804138660431,0.2451409101486206,0.4617086946964264,0.6976687908172607,0.0008599460124969482,0.029412806034088135,0.7378426194190979,0.014237403869628906,0.5448296070098877,0.00592273473739624,0.0005014538764953613,0.00048735737800598145,0.0583341121673584,0.0018631219863891602,168.16963379511415,77.85387302801861,155.0566429592057,65.35471989856504,172.96501527089237,68.16459155664212,157.05656705429467,67.20596216558441,176.06661953264188,63.98301857919874,140.74089428520745,106.56089772376912,206.95112406700935,99.86651132423381,94.6752756513212,129.28733753318065,255.29242766815273,133.29781750030313,43.901996450451215,106.93583444528142,328.0615570997719,90.81851111518013,185.9429781430166,178.96529940731804,229.42525425983894,200.8008018095642,278.93711022547217,188.37914893297645,293.36832807354483,212.92051023907132,336.8764305655072,138.53576815225244,358.9787832905061,215.39602680257988
0.0,0.0,0.0,0.0,0.0,0.0,0.0,0.0,0.0,0.0,0.0,0.0,0.0,0.0,0.0,0.0,0.0,0.0,0.0,0.0,0.0,0.0,0.0,0.0,0.0,0.0,0.0,0.0,0.0,0.0,0.0,0.0,0.0,0.0,0.0,0.0,0.0,0.0,0.0,0.0,0.0,0.0,0.0,0.0,0.0,0.0,0.0,0.0,0.0,0.0,0.0,0.0
0.0,0.0,0.0,0.0,0.0,0.0,0.0,0.0,0.0,0.0,0.0,0.0,0.0,0.0,0.0,0.0,0.0,0.0,0.0,0.0,0.0,0.0,0.0,0.0,0.0,0.0,0.0,0.0,0.0,0.0,0.0,0.0,0.0,0.0,0.0,0.0,0.0,0.0,0.0,0.0,0.0,0.0,0.0,0.0,0.0,0.0,0.0,0.0,0.0,0.0,0.0,0.0
0.0,0.0,0.0,0.0,0.0,0.0,0.0,0.0,0.0,0.0,0.0,0.0,0.0,0.0,0.0,0.0,0.0,0.0,0.0,0.0,0.0,0.0,0.0,0.0,0.0,0.0,0.0,0.0,0.0,0.0,0.0,0.0,0.0,0.0,0.0,0.0,0.0,0.0,0.0,0.0,0.0,0.0,0.0,0.0,0.0,0.0,0.0,0.0,0.0,0.0,0.0,0.0
0.0,0.0,0.0,0.0,0.0,0.0,0.0,0.0,0.0,0.0,0.0,0.0,0.0,0.0,0.0,0.0,0.0,0.0,0.0,0.0,0.0,0.0,0.0,0.0,0.0,0.0,0.0,0.0,0.0,0.0,0.0,0.0,0.0,0.0,0.0,0.0,0.0,0.0,0.0,0.0,0.0,0.0,0.0,0.0,0.0,0.0,0.0,0.0,0.0,0.0,0.0,0.0
0.0,0.0,0.0,0.0,0.0,0.0,0.0,0.0,0.0,0.0,0.0,0.0,0.0,0.0,0.0,0.0,0.0,0.0,0.0,0.0,0.0,0.0,0.0,0.0,0.0,0.0,0.0,0.0,0.0,0.0,0.0,0.0,0.0,0.0,0.0,0.0,0.0,0.0,0.0,0.0,0.0,0.0,0.0,0.0,0.0,0.0,0.0,0.0,0.0,0.0,0.0,0.0
0.0,0.0,0.0,0.0,0.0,0.0,0.0,0.0,0.0,0.0,0.0,0.0,0.0,0.0,0.0,0.0,0.0,0.0,0.0,0.0,0.0,0.0,0.0,0.0,0.0,0.0,0.0,0.0,0.0,0.0,0.0,0.0,0.0,0.0,0.0,0.0,0.0,0.0,0.0,0.0,0.0,0.0,0.0,0.0,0.0,0.0,0.0,0.0,0.0,0.0,0.0,0.0
0.2860043679966646,0.9100184440612793,0.17174088954925537,0.861971914768219,0.144140362739563,0.9431251287460327,0.1635679304599762,0.4511417746543884,0.003099411725997925,0.35851263999938965,0.012820839881896973,0.014507174491882324,0.010715574026107788,0.021679013967514038,0.004505574703216553,0.19875717163085938,0.25337547063827515,0.3383949398994446,359.9179651552819,80.93920949719082,356.19792297704896,80.36309003949884,359.76776533243293,64.5661142990143,371.02554586881536,86.68283101778394,394.3260741524975,48.68859292515806,410.40495422187297,127.9670847373709,469.0353608357858,75.58831266714053,368.398001268405,138.72154665664885,557.5215451752962,96.59807509189879,265.62441640825415,102.70344563413194,637.8757744987105,81.59012669768612,529.9888239463278,199.71620149055954,529.9484940041034,179.17094432132345,539.1795884317427,116.94734293210433,551.8420645145743,94.328993522905,662.1833636932166,112.8732261043679,660.4725476682914,112.6901177573252
0.3085516112692216,0.3505808413028717,0.3641529679298401,0.9463438987731934,0.024355143308639526,0.9031612277030945,0.0002669990062713623,0.04512128233909607,0.0003285706043243408,0.04161727428436279,0.0006045401096343994,0.7854259014129639,0.7275680899620056,0.11715459823608398,0.17162281274795532,0.04248043894767761,0.7240126729011536,0.000580132007598877,296.6235991023987,267.16838305317765,292.0737812410097,253.32736027426753,303.64448134157567,237.50146729016134,310.85130823814745,270.81637351259275,345.47876981269553,226.80995317739797,365.36545870216395,350.2118732479447,446.0626646061007,250.44714285126815,333.0428904615251,374.98112032193666,577.979383486702,253.99284267831356,251.86789059506077,362.8227157606301,688.1576199717612,205.26185619273085,553.0157100614098,475.2528570959754,577.7871080864232,386.1808197400249,678.9624068601473,543.9589444126643,707.8010243083056,291.81667408774086,787.9665674270195,636.1970047724374,808.0547998565495,251.74795180787433
0.0,0.0,0.0,0.0,0.0,0.0,0.0,0.0,0.0,0.0,0.0,0.0,0.0,0.0,0.0,0.0,0.0,0.0,0.0,0.0,0.0,0.0,0.0,0.0,0.0,0.0,0.0,0.0,0.0,0.0,0.0,0.0,0.0,0.0,0.0,0.0,0.0,0.0,0.0,0.0,0.0,0.0,0.0,0.0,0.0,0.0,0.0,0.0,0.0,0.0,0.0,0.0
0.0,0.0,0.0,0.0,0.0,0.0,0.0,0.0,0.0,0.0,0.0,0.0,0.0,0.0,0.0,0.0,0.0,0.0,0.0,0.0,0.0,0.0,0.0,0.0,0.0,0.0,0.0,0.0,0.0,0.0,0.0,0.0,0.0,0.0,0.0,0.0,0.0,0.0,0.0,0.0,0.0,0.0,0.0,0.0,0.0,0.0,0.0,0.0,0.0,0.0,0.0,0.0
0.0,0.0,0.0,0.0,0.0,0.0,0.0,0.0,0.0,0.0,0.0,0.0,0.0,0.0,0.0,0.0,0.0,0.0,0.0,0.0,0.0,0.0,0.0,0.0,0.0,0.0,0.0,0.0,0.0,0.0,0.0,0.0,0.0,0.0,0.0,0.0,0.0,0.0,0.0,0.0,0.0,0.0,0.0,0.0,0.0,0.0,0.0,0.0,0.0,0.0,0.0,0.0
0.0,0.0,0.0,0.0,0.0,0.0,0.0,0.0,0.0,0.0,0.0,0.0,0.0,0.0,0.0,0.0,0.0,0.0,0.0,0.0,0.0,0.0,0.0,0.0,0.0,0.0,0.0,0.0,0.0,0.0,0.0,0.0,0.0,0.0,0.0,0.0,0.0,0.0,0.0,0.0,0.0,0.0,0.0,0.0,0.0,0.0,0.0,0.0,0.0,0.0,0.0,0.0
0.0,0.0,0.0,0.0,0.0,0.0,0.0,0.0,0.0,0.0,0.0,0.0,0.0,0.0,0.0,0.0,0.0,0.0,0.0,0.0,0.0,0.0,0.0,0.0,0.0,0.0,0.0,0.0,0.0,0.0,0.0,0.0,0.0,0.0,0.0,0.0,0.0,0.0,0.0,0.0,0.0,0.0,0.0,0.0,0.0,0.0,0.0,0.0,0.0,0.0,0.0,0.0
0.25604017341838164,0.9566209316253662,0.7635691165924072,0.7840996980667114,0.5094947218894958,0.18240588903427124,0.06687560677528381,0.08649396896362305,0.3591110110282898,0.036606669425964355,0.5760153532028198,0.0006621479988098145,0.013524949550628662,0.004245758056640625,0.002826601266860962,0.004764199256896973,0.0003324449062347412,0.0050338804721832275,329.8391234199956,369.3377332091856,325.1486151242637,362.7178481512145,345.4023362936233,357.0516142335605,326.50015755557877,382.42868337069257,376.1150066669171,360.1177956623893,312.90113825583495,435.38638352299324,392.4086123661656,428.87311426295247,223.42718786009857,448.19704846740296,448.12320341046563,435.326626815603,135.76018972908983,441.9195819341413,508.9069652972616,442.98752534777424,370.506188623791,530.524050486958,386.82236193918527,552.8484856967037,445.25903506618107,578.1011094099194,494.7234016717432,526.846033581119,539.4248281750174,548.796118867953,611.5130868117245,439.61059575345087
0.26868673107203317,0.7796691060066223,0.6702936887741089,0.33906304836273193,0.43359407782554626,0.06865391135215759,0.26989057660102844,0.028187543153762817,0.002711564302444458,0.18986481428146362,0.5382688641548157,0.7313761711120605,0.0006254613399505615,0.00238037109375,0.4415793716907501,0.0005453228950500488,0.06900960206985474,0.001960933208465576,226.8340139389038,283.4763947695883,215.8846573829651,279.26693993832794,239.0647765994072,271.66359933263504,206.50783038139343,286.1853812014244,254.43996322155,266.2062009636999,202.3397092819214,333.1432658113831,266.831759929657,292.77218208257625,151.82478523254395,356.9605961593385,333.8980464935303,284.46093754429256,64.37116050720215,347.3629500246533,386.27991008758545,271.07749580471886,266.7458667755127,406.5910297831188,290.5479259490967,376.40243663151136,359.0594367980957,445.36870532873235,364.5463676452637,339.745609300057,416.62439346313477,481.17884399236897,427.23836040496826,313.7546247252532
0.0,0.0,0.0,0.0,0.0,0.0,0.0,0.0,0.0,0.0,0.0,0.0,0.0,0.0,0.0,0.0,0.0,0.0,0.0,0.0,0.0,0.0,0.0,0.0,0.0,0.0,0.0,0.0,0.0,0.0,0.0,0.0,0.0,0.0,0.0,0.0,0.0,0.0,0.0,0.0,0.0,0.0,0.0,0.0,0.0,0.0,0.0,0.0,0.0,0.0,0.0,0.0
