score,nose_score,leftEye_score,rightEye_score,leftEar_score,rightEar_score,leftShoulder_score,rightShoulder_score,leftElbow_score,rightElbow_score,leftWrist_score,rightWrist_score,leftHip_score,rightHip_score,leftKnee_score,rightKnee_score,leftAnkle_score,rightAnkle_score,nose_y,nose_x,leftEye_y,leftEye_x,rightEye_y,rightEye_x,leftEar_y,leftEar_x,rightEar_y,rightEar_x,leftShoulder_y,leftShoulder_x,rightShoulder_y,rightShoulder_x,leftElbow_y,leftElbow_x,rightElbow_y,rightElbow_x,leftWrist_y,leftWrist_x,rightWrist_y,rightWrist_x,leftHip_y,leftHip_x,rightHip_y,rightHip_x,leftKnee_y,leftKnee_x,rightKnee_y,rightKnee_x,leftAnkle_y,leftAnkle_x,rightAnkle_y,rightAnkle_x
0.0,0.0,0.0,0.0,0.0,0.0,0.0,0.0,0.0,0.0,0.0,0.0,0.0,0.0,0.0,0.0,0.0,0.0,0.0,0.0,0.0,0.0,0.0,0.0,0.0,0.0,0.0,0.0,0.0,0.0,0.0,0.0,0.0,0.0,0.0,0.0,0.0,0.0,0.0,0.0,0.0,0.0,0.0,0.0,0.0,0.0,0.0,0.0,0.0,0.0,0.0,0.0
0.31354013961904187,0.9935027360916138,0.5608937740325928,0.9774526953697205,0.0045702457427978516,0.8758186101913452,0.06570965051651001,0.03935006260871887,0.2921847105026245,0.24831420183181763,5.7131052017211914e-05,0.23761525750160217,0.021622300148010254,0.17272719740867615,0.010987043380737305,0.01132163405418396,0.8167176842689514,0.0013374388217926025,309.04382353847467,695.7722676833284,300.06217363968636,693.507341657366,301.7500931743775,685.7218375641512,307.7796101140248,687.871350088127,311.28090888881815,651.5392656646419,365.4309628839797,679.4798108472385,368.71804945015873,629.1247644357436,344.69182648043693,782.6923393588993,366.22188291668726,552.2349501884514,298.94194339746906,845.7330292486567,379.62043730461977,433.1701536275371,504.0389305146491,695.753186216213,485.0605177118775,642.532452502165,510.8240273855265,786.4552420289325,576.7988850967894,549.5013546850605,626.1162092021037,824.0818187466457,639.0750651154538,476.27630157828054
0.0,0.0,0.0,0.0,0.0,0.0,0.0,0.0,0.0,0.0,0.0,0.0,0.0,0.0,0.0,0.0,0.0,0.0,0.0,0.0,0.0,0.0,0.0,0.0,0.0,0.0,0.0,0.0,0.0,0.0,0.0,0.0,0.0,0.0,0.0,0.0,0.0,0.0,0.0,0.0,0.0,0.0,0.0,0.0,0.0,0.0,0.0,0.0,0.0,0.0,0.0,0.0
0.0,0.0,0.0,0.0,0.0,0.0,0.0,0.0,0.0,0.0,0.0,0.0,0.0,0.0,0.0,0.0,0.0,0.0,0.0,0.0,0.0,0.0,0.0,0.0,0.0,0.0,0.0,0.0,0.0,0.0,0.0,0.0,0.0,0.0,0.0,0.0,0.0,0.0,0.0,0.0,0.0,0.0,0.0,0.0,0.0,0.0,0.0,0.0,0.0,0.0,0.0,0.0
0.0,0.0,0.0,0.0,0.0,0.0,0.0,0.0,0.0,0.0,0.0,0.0,0.0,0.0,0.0,0.0,0.0,0.0,0.0,0.0,0.0,0.0,0.0,0.0,0.0,0.0,0.0,0.0,0.0,0.0,0.0,0.0,0.0,0.0,0.0,0.0,0.0,0.0,0.0,0.0,0.0,0.0,0.0,0.0,0.0,0.0,0.0,0.0,0.0,0.0,0.0,0.0
0.0,0.0,0.0,0.0,0.0,0.0,0.0,0.0,0.0,0.0,0.0,0.0,0.0,0.0,0.0,0.0,0.0,0.0,0.0,0.0,0.0,0.0,0.0,0.0,0.0,0.0,0.0,0.0,0.0,0.0,0.0,0.0,0.0,0.0,0.0,0.0,0.0,0.0,0.0,0.0,0.0,0.0,0.0,0.0,0.0,0.0,0.0,0.0,0.0,0.0,0.0,0.0
0.30260680878863616,0.9486373662948608,0.7908433079719543,0.8081067800521851,0.1750505268573761,0.37018412351608276,0.6032770276069641,0.48746243119239807,0.2689741849899292,0.09814375638961792,0.050217896699905396,0.24214735627174377,0.006879448890686035,0.038619816303253174,0.04513588547706604,0.0316692590713501,0.1719905138015747,0.006976068019866943,200.30620278903152,273.3138208554425,188.98086818338138,277.2158955871512,192.1013745629532,266.1111270738304,202.20910215284857,283.1549609263009,205.9688817037244,247.40386736108618,260.73119295735574,290.90183847934827,251.30771937007793,258.66294130294693,245.78982739920272,260.87749230096097,210.32734544746594,250.44911512934831,171.14793017872594,243.93412391417615,135.40534054791488,209.97307214824428,368.2508070798878,284.3109074688832,368.51917372437714,293.7377407992651,426.13860253748607,228.18473538040018,414.9592476894981,326.77758194809655,490.9464150925129,148.16221855758525,500.2195979856376,356.871537651272
0.0,0.0,0.0,0.0,0.0,0.0,0.0,0.0,0.0,0.0,0.0,0.0,0.0,0.0,0.0,0.0,0.0,0.0,0.0,0.0,0.0,0.0,0.0,0.0,0.0,0.0,0.0,0.0,0.0,0.0,0.0,0.0,0.0,0.0,0.0,0.0,0.0,0.0,0.0,0.0,0.0,0.0,0.0,0.0,0.0,0.0,0.0,0.0,0.0,0.0,0.0,0.0
0.0,0.0,0.0,0.0,0.0,0.0,0.0,0.0,0.0,0.0,0.0,0.0,0.0,0.0,0.0,0.0,0.0,0.0,0.0,0.0,0.0,0.0,0.0,0.0,0.0,0.0,0.0,0.0,0.0,0.0,0.0,0.0,0.0,0.0,0.0,0.0,0.0,0.0,0.0,0.0,0.0,0.0,0.0,0.0,0.0,0.0,0.0,0.0,0.0,0.0,0.0,0.0
0.0,0.0,0.0,0.0,0.0,0.0,0.0,0.0,0.0,0.0,0.0,0.0,0.0,0.0,0.0,0.0,0.0,0.0,0.0,0.0,0.0,0.0,0.0,0.0,0.0,0.0,0.0,0.0,0.0,0.0,0.0,0.0,0.0,0.0,0.0,0.0,0.0,0.0,0.0,0.0,0.0,0.0,0.0,0.0,0.0,0.0,0.0,0.0,0.0,0.0,0.0,0.0
0.0,0.0,0.0,0.0,0.0,0.0,0.0,0.0,0.0,0.0,0.0,0.0,0.0,0.0,0.0,0.0,0.0,0.0,0.0,0.0,0.0,0.0,0.0,0.0,0.0,0.0,0.0,0.0,0.0,0.0,0.0,0.0,0.0,0.0,0.0,0.0,0.0,0.0,0.0,0.0,0.0,0.0,0.0,0.0,0.0,0.0,0.0,0.0,0.0,0.0,0.0,0.0
0.0,0.0,0.0,0.0,0.0,0.0,0.0,0.0,0.0,0.0,0.0,0.0,0.0,0.0,0.0,0.0,0.0,0.0,0.0,0.0,0.0,0.0,0.0,0.0,0.0,0.0,0.0,0.0,0.0,0.0,0.0,0.0,0.0,0.0,0.0,0.0,0.0,0.0,0.0,0.0,0.0,0.0,0.0,0.0,0.0,0.0,0.0,0.0,0.0,0.0,0.0,0.0
0.25097113672424765,0.8400969505310059,0.7355026006698608,0.45297789573669434,0.5604429244995117,0.1297425925731659,0.4233328104019165,0.20192110538482666,0.051884621381759644,0.1135249137878418,0.02885344624519348,0.6133401393890381,0.037909626960754395,0.03542366623878479,0.022168785333633423,0.014607489109039307,0.0045084357261657715,0.0002713203430175781,175.4057452217102,200.0822139863045,176.87764392929077,211.96312293596165,172.03171728515625,203.38669752100463,202.7989598373413,214.55810043170888,179.5215726708412,192.1889738180304,250.55830014038085,199.98207691971976,199.8204420993805,176.27061727284104,286.6942854354858,160.1852922747212,169.0341002861023,161.71206715081328,271.3035780807495,173.48169241054083,81.30909166259765,182.9456143081829,381.7808902633667,175.3291303039879,352.28095350952145,161.37067063034223,436.1973789001465,225.12001872729232,445.0524001831055,182.0023842309111,521.3091292293549,324.66450508691935,521.67430481987,239.00002196117114
0.2515300775275511,0.06401756405830383,0.10837012529373169,0.1035555899143219,0.039952486753463745,0.052351921796798706,0.2503930926322937,0.2106880247592926,0.3023846745491028,0.34919142723083496,0.255299836397171,0.30706900358200073,0.6066558361053467,0.5342438817024231,0.2891802191734314,0.49174004793167114,0.16385430097579956,0.14706328511238098,1101.373161260066,1341.8597560452508,1091.536194294473,1347.5683364979868,1092.0518869723037,1340.8958466782576,1099.424687919412,1343.8174373837085,1099.8895192776965,1335.8834883250977,1105.2972181551977,1351.6242574502808,1106.2438062869846,1333.977609123353,1121.3322601392829,1357.950313033797,1123.5610716164897,1331.3676750663433,1129.699657226086,1346.3260117359077,1130.8968551732553,1334.01418374817,1135.9297511564807,1350.3982826035567,1134.968657330224,1337.9952959141656,1162.3024874938994,1342.1260351848464,1160.2368762201074,1338.8725569256344,1178.428870599988,1345.1190308868274,1183.9250053379699,1336.3341573824123
0.0,0.0,0.0,0.0,0.0,0.0,0.0,0.0,0.0,0.0,0.0,0.0,0.0,0.0,0.0,0.0,0.0,0.0,0.0,0.0,0.0,0.0,0.0,0.0,0.0,0.0,0.0,0.0,0.0,0.0,0.0,0.0,0.0,0.0,0.0,0.0,0.0,0.0,0.0,0.0,0.0,0.0,0.0,0.0,0.0,0.0,0.0,0.0,0.0,0.0,0.0,0.0
0.0,0.0,0.0,0.0,0.0,0.0,0.0,0.0,0.0,0.0,0.0,0.0,0.0,0.0,0.0,0.0,0.0,0.0,0.0,0.0,0.0,0.0,0.0,0.0,0.0,0.0,0.0,0.0,0.0,0.0,0.0,0.0,0.0,0.0,0.0,0.0,0.0,0.0,0.0,0.0,0.0,0.0,0.0,0.0,0.0,0.0,0.0,0.0,0.0,0.0,0.0,0.0
0.33053120444802675,0.9918994903564453,0.9825637936592102,0.9454922676086426,0.1035565733909607,0.1779460906982422,0.7997183799743652,0.4121762812137604,0.005656450986862183,0.041325896978378296,0.03165915608406067,0.011668413877487183,0.4321041703224182,0.6655304431915283,0.004919320344924927,0.008567988872528076,0.001978158950805664,0.002267599105834961,203.500210131091,688.9498972836925,186.11772529295183,696.6526362041678,182.976939694726,673.2791830951771,192.66188994525376,707.9410006830601,189.13451852150334,646.3554431161873,253.0591994085854,692.3206242986437,250.86265019008093,637.6543517637588,188.4549280343869,714.5409141379721,179.36193394760153,650.6810703917838,81.70524417279331,727.3936539827894,54.19761752950004,673.2419501013536,440.1599855991739,701.1656902471061,437.0881459716289,650.1774688887466,512.7568942531633,786.398199648712,556.5658266699761,572.8756601897932,645.1941403668069,802.2413386300985,659.3813003349569,433.60177176339283
0.33661098690593944,0.7287703156471252,0.4582180380821228,0.8824000358581543,0.15082961320877075,0.6020991206169128,0.20709672570228577,0.14875423908233643,0.4345318377017975,0.4217693507671356,0.33031579852104187,0.5535824298858643,0.2232433557510376,0.25004151463508606,0.16412487626075745,0.10679784417152405,0.04800555109977722,0.011806130409240723,86.75056873308333,176.4214471195917,86.69983433192164,176.14574247364635,93.03675093865311,169.50259814361505,93.30488175256853,173.04977121859721,100.6799868027644,154.97776234122404,122.35546673045438,174.22667540799114,121.50888904980721,156.58883220329022,93.98273877206557,168.43870070459664,92.94585158668174,169.20426278411657,40.561608377212465,178.60651716349034,41.58040429481585,179.53532397884698,198.09167649094206,171.8703275244451,194.17015771964842,163.600809921018,211.478052667268,134.23278006890632,196.69790168947,146.06935965822146,252.93990691227896,96.69487316668999,241.99049167567057,113.87168020904754
0.553065101890003,0.7512130737304688,0.9790907502174377,0.7823984622955322,0.9664582014083862,0.015419453382492065,0.987623929977417,0.7787172794342041,0.8549418449401855,0.8636577129364014,0.10585477948188782,0.05218911170959473,0.8756561279296875,0.9108341336250305,0.12374168634414673,0.05521237850189209,0.001240760087966919,0.29785704612731934,159.75389306247234,272.49517232505093,154.17562675476074,278.36960816346163,154.79881477355957,272.3071515467163,156.77488780021667,298.89912322605267,155.72924423217773,271.164826260714,184.20342350006104,314.30179258218607,185.81480598449707,273.84439548724527,188.35193347930908,370.50867155078043,185.65979623794556,223.3353412467492,180.19066667556763,422.9169214013586,182.20828342437744,169.19186543004932,277.5081377029419,307.075149220721,279.3075933456421,263.5423566547459,342.0131735801697,334.44769542414383,296.18269538879395,197.09679027801369,388.5517225265503,356.60995527427764,373.7246036529541,190.86087638985904
0.34083787132711973,0.6158882975578308,0.5725146532058716,0.7529768347740173,0.8202283382415771,0.32029569149017334,0.5440371036529541,0.4636889100074768,0.01085972785949707,0.37119626998901367,0.4061899185180664,0.07594341039657593,0.33472833037376404,0.4914291501045227,0.0010486841201782227,0.010586529970169067,0.00033798813819885254,0.0022939741611480713,208.23807852096556,289.7162274674581,206.03515658721923,301.9768287313524,204.06905086364745,298.8322860551141,218.2458537979126,303.95743657199904,212.2524123210907,291.1711289618577,255.82817730865477,301.36419953868466,252.0999393218994,286.31732327703753,187.23579460449218,255.40844112402192,171.34365821533203,253.7805800653657,116.87510903015136,246.7238080148206,116.6036826171875,246.52110131036102,379.14151928710936,279.85832035820494,376.80845133361817,271.187152832793,446.0322641204834,287.483620762639,434.0972610397339,299.7550081202467,461.36275579833983,272.82929918881325,479.89798803710937,341.8055646542268
0.0,0.0,0.0,0.0,0.0,0.0,0.0,0.0,0.0,0.0,0.0,0.0,0.0,0.0,0.0,0.0,0.0,0.0,0.0,0.0,0.0,0.0,0.0,0.0,0.0,0.0,0.0,0.0,0.0,0.0,0.0,0.0,0.0,0.0,0.0,0.0,0.0,0.0,0.0,0.0,0.0,0.0,0.0,0.0,0.0,0.0,0.0,0.0,0.0,0.0,0.0,0.0
0.2675931243335499,0.0018426477909088135,0.24649113416671753,0.01987093687057495,0.6518031358718872,0.2488977015018463,0.24935883283615112,0.2216094434261322,0.03996562957763672,0.3590479791164398,0.022830843925476074,0.7739977240562439,0.9264089465141296,0.756916880607605,0.014062434434890747,0.01451730728149414,0.00019156932830810547,0.0012699663639068604,201.7833810788776,317.5823413575313,182.0518062486561,299.882814910149,187.02553822928613,310.51876470988805,192.08237821246507,306.7448946536775,191.87272589447304,310.68872676190153,255.45399889858493,341.58037127433704,223.00946243006157,336.20456636981027,191.24786197767347,324.14195086455754,156.74682034833717,319.5461435666281,128.77149406223123,303.52057821088897,95.87171541485218,290.55222499893006,353.7554599726966,336.80651321449125,354.5100512023366,332.4840592502123,394.93851270763156,323.63788609770666,397.5071542442392,310.3664978984817,434.0648277072732,333.0713160180476,431.8392556391725,257.27422589103224
0.0,0.0,0.0,0.0,0.0,0.0,0.0,0.0,0.0,0.0,0.0,0.0,0.0,0.0,0.0,0.0,0.0,0.0,0.0,0.0,0.0,0.0,0.0,0.0,0.0,0.0,0.0,0.0,0.0,0.0,0.0,0.0,0.0,0.0,0.0,0.0,0.0,0.0,0.0,0.0,0.0,0.0,0.0,0.0,0.0,0.0,0.0,0.0,0.0,0.0,0.0,0.0
0.3319825880667743,0.9140996932983398,0.886398434638977,0.6991803050041199,0.632774293422699,0.049766600131988525,0.3208479881286621,0.13737145066261292,0.2054067850112915,0.009282141923904419,0.4911453425884247,0.01627996563911438,0.5395166873931885,0.520355224609375,0.03426215052604675,0.169063001871109,0.005043536424636841,0.012910395860671997,159.51870376018135,395.4856424891249,156.8937466392445,403.0166921246513,157.64963920084878,393.5342481520292,157.67571691168732,424.200763297587,173.46667201487466,393.0409873171841,196.36092943324937,433.7321520744638,219.88626183273664,410.1328808121318,135.39243443206038,419.41169329201534,167.5981702191618,399.89852810025064,56.99854914137006,420.3336613306243,98.05170750572913,406.99257439888373,357.2334625590276,421.4840254384778,349.67763772037847,415.50014653009424,413.8807878845806,478.3634590596593,404.33248199722493,494.7662848807155,475.60663022796695,588.4131804238842,481.3265642371656,598.9169212465132
0.0,0.0,0.0,0.0,0.0,0.0,0.0,0.0,0.0,0.0,0.0,0.0,0.0,0.0,0.0,0.0,0.0,0.0,0.0,0.0,0.0,0.0,0.0,0.0,0.0,0.0,0.0,0.0,0.0,0.0,0.0,0.0,0.0,0.0,0.0,0.0,0.0,0.0,0.0,0.0,0.0,0.0,0.0,0.0,0.0,0.0,0.0,0.0,0.0,0.0,0.0,0.0
0.0,0.0,0.0,0.0,0.0,0.0,0.0,0.0,0.0,0.0,0.0,0.0,0.0,0.0,0.0,0.0,0.0,0.0,0.0,0.0,0.0,0.0,0.0,0.0,0.0,0.0,0.0,0.0,0.0,0.0,0.0,0.0,0.0,0.0,0.0,0.0,0.0,0.0,0.0,0.0,0.0,0.0,0.0,0.0,0.0,0.0,0.0,0.0,0.0,0.0,0.0,0.0
0.34507357548264894,0.9313669800758362,0.8477519750595093,0.9688844680786133,0.17400619387626648,0.6114910244941711,0.6875203847885132,0.4242643713951111,0.11856183409690857,0.022244632244110107,0.12061929702758789,0.007301628589630127,0.3937247395515442,0.4193190336227417,0.0493435263633728,0.08535045385360718,0.0010826587677001953,0.00341758131980896,112.93970440719832,151.84104772587548,106.44347455766466,155.99865781394666,108.93323732908502,144.01198093453905,109.1342292943298,159.00256361515875,111.96959225207486,135.19515265230487,130.3231193909477,161.94384395044978,129.41945510440402,132.27759207821222,107.73598143207994,178.00934042485113,133.64802761371865,131.7433730128727,68.0439319558906,176.11065471873562,134.64488119096936,134.88778882373163,183.20191301239862,155.8007502638345,185.74007336104788,133.95490947479195,233.03072880277142,159.3326984392318,230.06552876624957,134.46297121707954,302.12188055327914,159.7578850584459,255.05563189860604,129.51866854433368
0.3603230679736418,0.9938061833381653,0.9859498739242554,0.714447021484375,0.6772584319114685,0.004350930452346802,0.1317947506904602,0.0198555588722229,0.004974573850631714,0.07225611805915833,0.6170139312744141,0.008828878402709961,0.7532063722610474,0.6461141109466553,0.10066214203834534,0.004449516534805298,0.002643674612045288,0.3878800868988037,118.09340335839336,485.3573108803354,110.02375804035049,500.07191168064026,109.78030995810259,489.2555259146341,122.56160869631445,528.1335453387004,118.31431518766249,487.3550052400915,193.09246815593858,555.3915644054878,188.2432814255951,512.7436432926829,183.30434001215204,658.7989596036585,190.2229655115402,457.40892339939023,173.81005461377123,744.2637142721037,171.1419949589404,357.35002762957316,341.55159596884477,549.2840305830792,348.0204345068444,484.893046875,427.258551876921,644.427177972561,367.77807564297416,396.0563528963415,489.21829821290754,749.835038109756,485.63936854317865,350.029443597561
0.8448474231888267,0.9684023857116699,0.9131439328193665,0.9704593420028687,0.3268575668334961,0.8662313222885132,0.991478681564331,0.9882243871688843,0.8221659660339355,0.9589580297470093,0.9004762768745422,0.8942686915397644,0.8810138702392578,0.7723731994628906,0.587418794631958,0.7236614227294922,0.8782048225402832,0.9190675020217896,208.81478368635658,265.59770933439876,200.0371404140116,269.4085372665929,200.80186696589996,260.1992868819214,197.84004606903315,270.46831971286053,200.9730454543226,248.45699386775215,218.51337496897014,270.70244594446024,221.6520671753003,237.78201881250985,249.63432437110006,281.53801336005773,260.4505086482572,211.01903012018306,274.15727369276453,275.7390061875401,276.3204152589794,239.38506648265255,273.8293691584818,257.0154974423407,281.2373261120108,226.70373778038203,280.996738214287,257.5696319931197,281.1348862888144,225.74811385165137,341.41853026977833,245.81001520380028,337.5773069349696,230.7580773670476
0.0,0.0,0.0,0.0,0.0,0.0,0.0,0.0,0.0,0.0,0.0,0.0,0.0,0.0,0.0,0.0,0.0,0.0,0.0,0.0,0.0,0.0,0.0,0.0,0.0,0.0,0.0,0.0,0.0,0.0,0.0,0.0,0.0,0.0,0.0,0.0,0.0,0.0,0.0,0.0,0.0,0.0,0.0,0.0,0.0,0.0,0.0,0.0,0.0,0.0,0.0,0.0
0.2534792247940512,0.12531524896621704,0.3776981830596924,0.8811225891113281,0.006505519151687622,0.7748305797576904,0.0784589946269989,0.45716729760169983,0.03652656078338623,0.00820133090019226,0.008077621459960938,0.003824174404144287,0.5268033146858215,0.10320976376533508,0.9025015830993652,0.0006981790065765381,0.01631578803062439,0.0018900930881500244,140.2988334287993,132.15977271463862,125.52785148512437,135.57228373491913,124.78279008847328,128.7858559185044,128.78957818203477,135.0775048703079,129.83675527076866,100.98018825054169,201.69852865576067,118.86414534224515,181.76157463340542,99.48382772301242,234.42633233584166,121.87603360884418,210.74304746026579,132.59756166262252,227.76935776972365,116.70479883915162,248.27682541403743,116.8619506388779,317.765776395347,124.29922517602375,317.2448978676462,117.02094138212719,389.8422685129205,203.10748230174372,407.12235554945715,103.56117880492785,485.8070730883593,226.48682773954147,473.81147749640314,19.634473017142522
0.0,0.0,0.0,0.0,0.0,0.0,0.0,0.0,0.0,0.0,0.0,0.0,0.0,0.0,0.0,0.0,0.0,0.0,0.0,0.0,0.0,0.0,0.0,0.0,0.0,0.0,0.0,0.0,0.0,0.0,0.0,0.0,0.0,0.0,0.0,0.0,0.0,0.0,0.0,0.0,0.0,0.0,0.0,0.0,0.0,0.0,0.0,0.0,0.0,0.0,0.0,0.0
0.2976544096189387,0.025825202465057373,0.5607742071151733,0.3538610339164734,0.8484172821044922,0.1327643096446991,0.4085903763771057,0.002335876226425171,0.09140995144844055,0.109764963388443,0.1939706802368164,0.8228832483291626,0.2680981755256653,0.5324294567108154,0.009297758340835571,0.0008241236209869385,0.001583188772201538,0.6972951292991638,147.21520206098344,270.5635259044188,132.54884359102613,254.90860156985258,132.9238563476194,249.24460855381585,135.7867530653894,269.9453852173206,145.46634913450274,253.59600382723207,156.47959277423573,307.1658313014857,167.11416954485702,337.9670596088138,116.79879808329959,320.8089987667621,95.75689918318504,297.4910326377747,57.00452322931117,255.84240015082506,48.75211855415367,241.2087229408962,271.3338134274396,365.0684458423941,291.8175715555847,404.5344942366956,387.42061987729136,291.2705015893945,326.03584113015495,503.4557049091046,422.6612296382666,201.02335261329685,426.41048795980225,504.9432566619231
0.2956550647230709,0.9939852952957153,0.9820390939712524,0.16345295310020447,0.9893061518669128,0.005316942930221558,0.47087785601615906,0.30743908882141113,0.12016281485557556,0.0018447041511535645,0.9344480633735657,0.034684449434280396,0.00831073522567749,0.007630407810211182,0.0006101429462432861,0.000871807336807251,0.002888411283493042,0.002267181873321533,204.1599267068088,598.6362206535727,193.39152079514756,609.3485802584194,193.18833550864548,600.8192032896662,203.30467044232458,634.6769262904957,206.12296062104414,605.207930244011,267.1200435072308,652.5727828753171,278.6842385872723,636.2171830021712,341.045227897316,698.9880304388661,352.04398325842067,637.1186057931274,386.6394267300462,661.7552557892394,391.5183282923599,620.5436197916666,439.090539982514,636.4443891109851,437.75891054023816,641.0424577175501,533.2138757798278,644.0261914672375,532.0177726375247,674.5603010191013,640.0244246111167,651.1453825975191,620.7900014234482,724.483482009447
0.3203030561699587,0.9876455068588257,0.9314525127410889,0.8141074180603027,0.6259766221046448,0.031795501708984375,0.4254586398601532,0.0922301709651947,0.1622653603553772,0.036500781774520874,0.6986295580863953,0.6151049137115479,0.004462689161300659,0.006940692663192749,0.002673119306564331,0.004283338785171509,0.005041450262069702,0.0005836784839630127,108.7686667392823,121.4593275195587,99.62622783433606,130.20959840926332,100.48252678247471,121.39600041003375,104.7706623803373,143.18661491763632,109.07050169050487,125.0112513769869,130.8249868736135,143.61964559060067,138.6988999521856,124.46275268871479,83.3121722647888,140.95124224890475,116.78997422584612,144.91137765270614,44.43813409772299,136.4053703096911,38.19985175215249,133.66204238267918,220.82467953639045,147.02998024369606,222.66311942499811,143.2009383468892,238.9304712156936,171.09032964211434,243.79329697896037,157.3854050421797,263.924807248231,212.22490587861478,286.7033542646256,187.2877957499151
0.2960481485899757,0.1615852415561676,0.11208713054656982,0.7279936671257019,0.02609744668006897,0.6454787254333496,0.4021090567111969,0.9528423547744751,0.11452972888946533,0.8517679572105408,0.025458604097366333,0.7803465127944946,0.1768268644809723,0.042136192321777344,0.005991548299789429,0.004370629787445068,0.000960230827331543,0.0022366344928741455,185.5915231704712,391.16569748765255,192.47501066327095,392.0333589999737,192.1239414215088,388.3640437972444,182.29757690429688,373.44371271775435,179.39081001281738,381.60440633813494,192.29778671264648,322.1410440844159,196.3438606262207,361.7980774654169,252.18070888519287,351.78923291004423,255.78306275606155,389.21883789211915,305.52142333984375,414.50393897141794,314.3159294128418,423.2911149191886,314.7349019050598,336.93324868098324,304.7144298553467,312.39234896301497,370.58850288391113,395.6452751766658,337.5913383960724,305.4896429241652,429.1199781894684,465.31333278996857,352.2726726233959,262.07355531951646
0.3159008552046383,0.9781410098075867,0.773399829864502,0.7862531542778015,0.28750571608543396,0.10008740425109863,0.3483275771141052,0.5771613121032715,0.1040240228176117,0.010713428258895874,0.3053295910358429,0.5735180377960205,0.005018442869186401,0.0003534555435180664,0.5084795355796814,0.0004317164421081543,0.0013405978679656982,0.010229706764221191,149.77659210112972,378.56512775614925,145.8659811878588,384.4864789910171,143.82197043785385,373.82844407625055,161.565271241804,402.0601995797566,157.29027446846607,364.9973702534536,223.45126214881296,394.33410420300135,219.20294732874785,346.0169630230598,146.9349045628753,430.1891087447611,175.14332823110536,358.4478749246141,67.8628344890817,449.3905360882099,78.17178233048806,370.7321472195652,375.50358225402215,371.4211781935007,366.912860985493,338.9894585131907,440.4426897075814,393.57954604532273,414.35056145282334,351.63314761201946,426.50738952145485,474.380996853589,417.1790923151212,447.0213006992645
0.4544997934032889,0.6423133611679077,0.6498209238052368,0.7531032562255859,0.3318565785884857,0.4287477731704712,0.40443652868270874,0.45103704929351807,0.2523460388183594,0.41562992334365845,0.6699388027191162,0.5451010465621948,0.07149377465248108,0.3359103202819824,0.5882651805877686,0.2633434534072876,0.910222053527832,0.012930423021316528,93.78680348630812,269.44859618440677,92.80950073335993,273.4064269065857,95.57675559833402,270.6038490785371,96.93911329947535,274.6319896734636,104.31427868702373,265.5300046763289,126.37594530543343,275.9425688227382,126.10854659862207,270.7358570273863,76.06990492461158,286.9490753838775,90.1733609277694,283.89385967079653,39.390268904263856,281.21601314719663,41.594642961220664,284.78986451385214,191.99564201480052,290.92850650122404,203.80279275550217,280.9314427682019,220.06416107865633,345.2780621204901,220.09198565717605,263.42099959697197,278.6407804926888,345.57642402998897,260.30755564482484,222.10218919526545
0.3743196270045112,0.15434259176254272,0.10209935903549194,0.12849825620651245,0.32534903287887573,0.4219280481338501,0.28085994720458984,0.12332949042320251,0.4304584860801697,0.49838748574256897,0.23854517936706543,0.5045162439346313,0.28817880153656006,0.32212263345718384,0.6956879496574402,0.9611042737960815,0.00757598876953125,0.8804498910903931,81.06910681798821,213.63657981090927,73.94658501645857,202.91494760322146,74.9105250278366,209.45342329801588,78.46517461853978,203.45903579270123,79.34635168295412,213.154226634444,99.57653200143594,222.51893085466992,112.27026348173433,228.56335087714587,64.01673305071775,221.85471363216305,67.18849063290985,225.8455660932579,27.71741302585305,213.57750860779217,25.213387747791327,217.51162989898884,177.896990434403,226.04798697150895,169.08404959325108,237.66207745452235,181.07445167232524,205.1305726801101,202.43595016336886,287.172182020472,220.32305447111992,200.58789747063992,262.01709973106506,296.09194253229083
0.31287119669072766,0.4187033176422119,0.3887633979320526,0.646579384803772,0.07571983337402344,0.4237825870513916,0.24827250838279724,0.1294526755809784,0.7187275886535645,0.3342439532279968,0.03956517577171326,0.3224489092826843,0.09776431322097778,0.0034487247467041016,0.7883797883987427,0.056213825941085815,0.6077333092689514,0.01901105046272278,88.7245528013236,223.3876647821779,89.82784838824948,226.1652647386946,90.77105885145986,220.52650547239986,95.81981027002564,229.22475375152112,94.92401037249185,218.3226266788746,123.55334437017208,224.78613478104626,135.63540864568267,209.763345022775,76.93624529459072,236.61935119692626,98.83297164134912,222.15786489983708,41.54533399430113,254.06349740739918,36.27105303701644,254.20964852738751,191.74481659199537,218.4184860811467,214.5361857430745,212.66067628074595,204.46166513700385,159.42239294073363,203.63372518942018,203.19458838295034,259.04920686899993,158.56466801766564,218.3416590971105,210.67552476258479
0.4502872701953439,0.9232767820358276,0.7333923578262329,0.8472532033920288,0.2951008975505829,0.4259714186191559,0.3408184051513672,0.4921616017818451,0.2740328907966614,0.6882239580154419,0.6438419222831726,0.5415645837783813,0.693183183670044,0.14074558019638062,0.09799742698669434,0.12941905856132507,0.029312342405319214,0.35858798027038574,97.47542206000688,226.80000956180632,95.63407710036756,227.62522479739113,96.33525592887142,221.363306178282,112.75521429899698,234.2775432994477,107.27016793604581,217.7412451508316,135.87604891102634,220.5882005808348,130.3638028058679,196.17727296655056,90.08663997471889,219.6917408558733,86.75381764444607,218.48966963838097,43.177494037188474,237.03032846174685,43.95662872219383,236.1494083447021,205.33476689894252,205.984819094694,225.5847681348569,189.0733892243264,219.6599980529595,231.9724598015868,212.71622322058752,162.97765011776795,250.12555131288332,272.45304260593747,272.6774050513532,131.32530511885815
0.0,0.0,0.0,0.0,0.0,0.0,0.0,0.0,0.0,0.0,0.0,0.0,0.0,0.0,0.0,0.0,0.0,0.0,0.0,0.0,0.0,0.0,0.0,0.0,0.0,0.0,0.0,0.0,0.0,0.0,0.0,0.0,0.0,0.0,0.0,0.0,0.0,0.0,0.0,0.0,0.0,0.0,0.0,0.0,0.0,0.0,0.0,0.0,0.0,0.0,0.0,0.0
0.26587843719650717,0.574927806854248,0.6573508381843567,0.012427926063537598,0.44768235087394714,0.04633185267448425,0.2949848473072052,0.616767942905426,0.07798343896865845,0.017573535442352295,0.45075783133506775,0.0015210509300231934,0.2745850086212158,0.021220356225967407,0.000241011381149292,0.03766673803329468,0.24434998631477356,0.7435609102249146,146.11330494475737,591.912993104516,164.5297810308235,609.3574202076982,145.94375562750488,596.6160284870426,204.5378020235323,604.7150223894818,165.37773658580548,587.6440758384147,232.23638016884206,569.07576171875,220.52354729981315,549.8465596417683,317.1934994279409,600.9882822027439,271.9075845225845,584.809112042683,414.742299732757,655.2990833747677,320.3362099897097,609.9106712080793,360.458327427274,478.05500952743904,351.40838989434667,492.0281993140244,389.442223613349,370.9378620426829,376.27657642067,334.6762842987805,523.6886983570648,316.458037347561,524.7441724648302,313.8519912347561
0.0,0.0,0.0,0.0,0.0,0.0,0.0,0.0,0.0,0.0,0.0,0.0,0.0,0.0,0.0,0.0,0.0,0.0,0.0,0.0,0.0,0.0,0.0,0.0,0.0,0.0,0.0,0.0,0.0,0.0,0.0,0.0,0.0,0.0,0.0,0.0,0.0,0.0,0.0,0.0,0.0,0.0,0.0,0.0,0.0,0.0,0.0,0.0,0.0,0.0,0.0,0.0
0.0,0.0,0.0,0.0,0.0,0.0,0.0,0.0,0.0,0.0,0.0,0.0,0.0,0.0,0.0,0.0,0.0,0.0,0.0,0.0,0.0,0.0,0.0,0.0,0.0,0.0,0.0,0.0,0.0,0.0,0.0,0.0,0.0,0.0,0.0,0.0,0.0,0.0,0.0,0.0,0.0,0.0,0.0,0.0,0.0,0.0,0.0,0.0,0.0,0.0,0.0,0.0
0.5340283600723043,0.975953221321106,0.9821847677230835,0.951034426689148,0.7489067912101746,0.1370893120765686,0.5855581164360046,0.7370610237121582,0.35965263843536377,0.1617172360420227,0.5173913836479187,0.4290451407432556,0.6300011873245239,0.8218791484832764,0.009718269109725952,0.38952696323394775,0.0007329583168029785,0.6410295367240906,121.97873673928335,378.4900399527806,116.45267163244051,387.93450543773196,115.34944194663218,372.5991562592793,128.87454279501674,392.62479815323917,125.21958926793793,365.4188169969357,170.465997527063,401.51826141534593,162.43845596159966,355.6828390877202,107.7356060266015,444.9133359468901,98.19137354491941,345.1719176094487,57.93339577718999,443.21804212727983,57.9058370839662,345.8544281293761,277.5820400153607,383.5257299752644,277.56130863243425,339.1463524717378,350.9013717563099,400.39707178301325,343.5099172879992,288.7728927789475,372.1187839085907,420.2421054092651,446.1097669313611,276.72556473918166
0.0,0.0,0.0,0.0,0.0,0.0,0.0,0.0,0.0,0.0,0.0,0.0,0.0,0.0,0.0,0.0,0.0,0.0,0.0,0.0,0.0,0.0,0.0,0.0,0.0,0.0,0.0,0.0,0.0,0.0,0.0,0.0,0.0,0.0,0.0,0.0,0.0,0.0,0.0,0.0,0.0,0.0,0.0,0.0,0.0,0.0,0.0,0.0,0.0,0.0,0.0,0.0
0.254727023489335,0.05177789926528931,0.05094784498214722,0.06465670466423035,0.057162702083587646,0.24740731716156006,0.33703237771987915,0.18200963735580444,0.2739657163619995,0.011028707027435303,0.1054735779762268,0.23814576864242554,0.6155597567558289,0.7943475246429443,0.20970049500465393,0.29711705446243286,0.013177096843719482,0.7808492183685303,341.00132189377234,256.3594465791064,339.1804809875309,253.78970211608,338.74771626616786,255.6747523662702,348.7844827952511,253.13605223277008,341.62969183810225,242.3606020794589,368.58436804665786,242.3580027717067,388.636785736322,221.72467202010125,300.7177604342027,233.41000087048062,332.34357208989894,220.28320883514976,243.91842394276824,245.42725085220815,242.53106683074216,243.08265432250724,470.8091872716656,223.3610059912636,473.7692786825242,217.29939006718183,484.5348075659896,242.5627754036949,487.30470544648426,126.51551736367716,517.3009400248714,265.8909343632244,591.1426986435459,138.8485895422541
0.2571834816652186,0.387279212474823,0.3195497393608093,0.1535038948059082,0.40018758177757263,0.04845675826072693,0.881819486618042,0.6368739008903503,0.4056748151779175,0.18554559350013733,0.4745849668979645,0.04160115122795105,0.010982632637023926,0.055933982133865356,0.15113937854766846,0.16694974899291992,0.02149885892868042,0.03053748607635498,71.97024000566559,79.07351701273083,70.2890231919154,79.79790870752713,71.62226411582387,76.62479640400343,70.982028198781,86.68121772297359,76.86653261130813,86.19749155421715,90.38741860686049,100.1797000297719,101.24433137602726,95.85542506417313,80.9663944729304,100.30023568094114,111.64830924427443,94.81026407015527,44.663941792849094,97.49877223860747,108.38763678814733,85.84302732447362,151.58464006111447,114.39400742956475,153.89904353241465,98.56035367243709,147.16255573229603,101.9636236745759,153.37930148604227,85.27101769622438,149.6325256595504,75.15269732071182,164.2159379808243,60.24345802048506
0.0,0.0,0.0,0.0,0.0,0.0,0.0,0.0,0.0,0.0,0.0,0.0,0.0,0.0,0.0,0.0,0.0,0.0,0.0,0.0,0.0,0.0,0.0,0.0,0.0,0.0,0.0,0.0,0.0,0.0,0.0,0.0,0.0,0.0,0.0,0.0,0.0,0.0,0.0,0.0,0.0,0.0,0.0,0.0,0.0,0.0,0.0,0.0,0.0,0.0,0.0,0.0
0.0,0.0,0.0,0.0,0.0,0.0,0.0,0.0,0.0,0.0,0.0,0.0,0.0,0.0,0.0,0.0,0.0,0.0,0.0,0.0,0.0,0.0,0.0,0.0,0.0,0.0,0.0,0.0,0.0,0.0,0.0,0.0,0.0,0.0,0.0,0.0,0.0,0.0,0.0,0.0,0.0,0.0,0.0,0.0,0.0,0.0,0.0,0.0,0.0,0.0,0.0,0.0
0.0,0.0,0.0,0.0,0.0,0.0,0.0,0.0,0.0,0.0,0.0,0.0,0.0,0.0,0.0,0.0,0.0,0.0,0.0,0.0,0.0,0.0,0.0,0.0,0.0,0.0,0.0,0.0,0.0,0.0,0.0,0.0,0.0,0.0,0.0,0.0,0.0,0.0,0.0,0.0,0.0,0.0,0.0,0.0,0.0,0.0,0.0,0.0,0.0,0.0,0.0,0.0
0.0,0.0,0.0,0.0,0.0,0.0,0.0,0.0,0.0,0.0,0.0,0.0,0.0,0.0,0.0,0.0,0.0,0.0,0.0,0.0,0.0,0.0,0.0,0.0,0.0,0.0,0.0,0.0,0.0,0.0,0.0,0.0,0.0,0.0,0.0,0.0,0.0,0.0,0.0,0.0,0.0,0.0,0.0,0.0,0.0,0.0,0.0,0.0,0.0,0.0,0.0,0.0
0.5116214594420265,0.9903005361557007,0.5688487887382507,0.9831086993217468,0.0035228431224823,0.888477087020874,0.7538720369338989,0.9585063457489014,0.19201910495758057,0.9415995478630066,0.26117849349975586,0.8988804221153259,0.503123939037323,0.7364110946655273,0.009615480899810791,0.0031062066555023193,0.0017011761665344238,0.0032930076122283936,151.76153072648844,282.499697347509,141.61087661585816,281.5848512921275,142.65290975762565,273.11037029954764,147.41032374752177,278.0917907181718,146.68441661418802,242.19442804924023,194.99061268675973,264.8112046023075,199.9915239422374,232.96792309837394,260.50552919261173,281.7984934254288,273.96537845235474,257.0231199426276,231.4655463757889,299.109561148945,227.24592801023056,295.9337281404389,323.81364623353755,266.1558853884403,327.7435545320407,248.74635111525393,393.33404530390675,259.9793429937583,398.13377555563176,237.13587355904858,433.7020812427973,256.08306209300235,435.7068809426766,211.31600324302065
0.28132496335927176,0.3230093717575073,0.637224555015564,0.2770593762397766,0.6070578694343567,0.19899332523345947,0.060773760080337524,0.351043164730072,0.05244725942611694,0.024043530225753784,0.11074057221412659,0.6048719882965088,0.003598242998123169,0.00932881236076355,0.015188902616500854,0.7784478068351746,0.001325756311416626,0.7273700833320618,121.37476419119255,246.5932888328482,110.93600792925352,249.8700573684972,111.85218872902415,254.43301722325313,122.64187146854131,260.5733765418376,118.56487395472973,256.57696595323193,183.78393805803728,271.7772460115065,157.7223792900107,257.5697295118909,187.41686233650188,246.3481696417572,113.32734944935224,249.1712450324942,128.9752794730427,250.66129428968515,43.29099767809212,243.61195790002103,280.37629898411694,248.5819003953846,258.91076141443875,250.01174470044054,297.271962568375,302.3517412570638,238.97571879540897,165.84096156566514,322.1929237646692,370.63320054045505,311.5013537609544,184.92344470417825
0.2504354434854844,0.9223132729530334,0.7722917795181274,0.8614068627357483,0.2966436743736267,0.15637558698654175,0.04320728778839111,0.6261380314826965,0.060596197843551636,0.009787946939468384,0.4634552001953125,0.04186162352561951,0.0003579258918762207,0.00017076730728149414,0.0006689131259918213,0.0007484853267669678,0.0008376538753509521,0.0005413293838500977,135.14719450737627,380.79920742439083,129.03730925060134,386.53234404299536,128.6801652424412,374.96210530465163,141.14322628773434,409.46747045558493,142.7515078358487,369.1817354221649,207.74855843971912,387.70989361279936,208.46336096585156,358.5795863273355,136.00446904449154,396.24537452730976,186.5682755437655,383.9828884307463,61.412801684987855,433.01687212917733,73.03535914277167,393.55888498192775,341.96266082211037,362.28716300776114,336.3856501742388,363.393965445686,364.2986890535719,346.2697732258259,365.00292716611557,358.09553375437923,450.5444333496947,314.18323115444326,435.5906882516335,354.4384143522066
0.0,0.0,0.0,0.0,0.0,0.0,0.0,0.0,0.0,0.0,0.0,0.0,0.0,0.0,0.0,0.0,0.0,0.0,0.0,0.0,0.0,0.0,0.0,0.0,0.0,0.0,0.0,0.0,0.0,0.0,0.0,0.0,0.0,0.0,0.0,0.0,0.0,0.0,0.0,0.0,0.0,0.0,0.0,0.0,0.0,0.0,0.0,0.0,0.0,0.0,0.0,0.0
